kinase	kinase_group	foreground_set_hits	foreground_set_size	background_set_hits	background_set_size	enrichment_value	enrichment_value_log2	p_value	adjusted_p_value	p_value_log10_abs	adjusted_p_value_log10_abs
P70S6KB	AGC	17	191	135	7757	5.114174907892185	2.3545015024711438	1.1679882757216716e-7	0.00003539004475436665	6.932561516654217	4.451118888151912
P70S6K	AGC	18	191	179	7757	4.083945128550118	2.0299634824496913	0.0000010433262378482597	0.00015806392503401134	5.981579870726401	3.8011672378880776
RSK4	AGC	13	191	121	7757	4.3633334775647965	2.125430739138133	0.000018375247152864973	0.0018558999624393622	4.735766810806838	2.7314454370241954
SGK1	AGC	9	191	77	7757	4.746923233834229	2.2469927190190466	0.00020629663766759323	0.01514974605947444	3.6855078503317946	1.8195946467585922
CRIK	AGC	12	191	138	7757	3.531527430002276	1.8202923022146222	0.0002499958095622845	0.01514974605947444	3.6020672709248784	1.8195946467585922
AKT3	AGC	8	191	72	7757	4.512507271669575	2.1739292568293225	0.0006341556711709399	0.032024861394132464	3.1978041193551365	1.494512741236475
PIM3	CAMK	15	191	233	7757	2.614542839808552	1.3865587092258735	0.0009005624068128264	0.03515609077466434	3.0454861862366323	1.453999422829787
P90RSK	AGC	10	191	117	7757	3.4711594397458274	1.7954176335755931	0.0009282136178129199	0.03515609077466434	3.0323520643401483	1.453999422829787
AKT2	AGC	7	191	70	7757	4.061256544502617	2.0219261633842724	0.0024103322015532895	0.0811478507856274	2.6179230971102534	1.0907229780472731
RSK2	AGC	10	191	147	7757	2.7627595540834133	1.466110008322633	0.004471386996289606	0.1205654324635925	2.349557740536871	0.918777191716916
PKCZ	AGC	8	191	101	7757	3.216836866932767	1.6856427755198407	0.004607078465499491	0.1205654324635925	2.3365743909938463	0.918777191716916
CK1E	CK1	21	191	459	7757	1.8580912295110017	0.8938213376365876	0.0054611288393727545	0.1205654324635925	2.2627175774346826	0.918777191716916
PAK1	STE	11	191	177	7757	2.5239447451711183	1.335680326825935	0.005543821732203954	0.1205654324635925	2.256190743397131	0.918777191716916
MSK2	AGC	10	191	152	7757	2.6718793055938277	1.4178548397154123	0.005570680047822756	0.1205654324635925	2.2540917845409827	0.918777191716916
PIM2	CAMK	10	191	160	7757	2.538285340314136	1.3438542582716353	0.007757779300995361	0.15513985715011486	2.110262579688688	0.8092766127819032
LOK	STE	12	191	214	7757	2.277340118412683	1.1873497725916444	0.008192203677893854	0.15513985715011486	2.0865992586282833	0.8092766127819032
NUAK2	CAMK	12	191	216	7757	2.2562536358347876	1.1739292568293227	0.008758944765225981	0.15611530963902778	2.0575482123529447	0.8065545052289138
BRSK1	CAMK	15	191	309	7757	1.9714837594672903	0.9792818259757792	0.0111699261993329	0.17889364037846958	1.9519496962960619	0.7474050982120028
MLK2	TKL	15	191	311	7757	1.9588054073163752	0.9699740837495512	0.011772152747967817	0.17889364037846958	1.9291441114068502	0.7474050982120028
MAPKAPK3	CAMK	14	191	282	7757	2.0162266532991717	1.0116578279304456	0.011808161081087102	0.17889364037846958	1.9278177310503266	0.7474050982120028
RSK3	AGC	8	191	123	7757	2.641467671221215	1.4013397529323954	0.01345024180529263	0.19406777461922223	1.8712699079470518	0.712046574178666
DCAMKL1	CAMK	9	191	150	7757	2.4367539267015705	1.2849605692180666	0.01428995508362207	0.19681165410624943	1.8449691362871081	0.7059491886070093
WNK4	Other	14	191	293	7757	1.9405321373050048	0.9564523259069911	0.015825552702586333	0.20848445516885475	1.8006411134438305	0.6809263209591183
NDR2	AGC	12	191	249	7757	1.9572320696398158	0.9688148269247104	0.023272200537278406	0.2886939584250497	1.6331625494157673	0.5395623046198595
STK33	CAMK	15	191	342	7757	1.781252870395885	0.8328923389942559	0.024767241299845942	0.2886939584250497	1.6061223646283822	0.5395623046198595
TTBK2	CK1	18	191	437	7757	1.6728287826326573	0.7422897902133493	0.025153861792742573	0.2886939584250497	1.5993953296328016	0.5395623046198595
PKACA	AGC	10	191	195	7757	2.0826956638474963	1.0584520394093868	0.02582850941000207	0.2886939584250497	1.587900656687321	0.5395623046198595
PKACB	AGC	9	191	168	7757	2.175673148840688	1.1214618369351872	0.026677989557430334	0.2886939584250497	1.5738469017799452	0.5395623046198595
AURC	Other	12	191	257	7757	1.8963065577444131	0.9231922097989134	0.028569954290335545	0.2985067637921266	1.544090454453481	0.5250458238501321
PKCT	AGC	5	191	69	7757	2.9429395250018966	1.5572578963808283	0.0322552045663803	0.31596072935189334	1.4914001994134465	0.5003668923360619
MELK	CAMK	10	191	204	7757	1.9908120316189304	0.993357011187502	0.03336350125446606	0.31596072935189334	1.4767283796258774	0.5003668923360619
CDK1	CMGC	15	191	357	7757	1.7064103128162258	0.7709645898510538	0.0340050225028614	0.31596072935189334	1.4684569334228506	0.5003668923360619
SGK3	AGC	6	191	95	7757	2.565004133370074	1.3589611506618433	0.03441156458287947	0.31596072935189334	1.4632955809604795	0.5003668923360619
MAPKAPK2	CAMK	14	191	329	7757	1.7281942742564331	0.7892654065939978	0.03650743350071005	0.3222087043740676	1.4376186971970184	0.49186273141970516
CDK3	CMGC	12	191	268	7757	1.8184730796280375	0.8627275685350186	0.0372188272379286	0.3222087043740676	1.4292373155717346	0.49186273141970516
ERK7	CMGC	14	191	332	7757	1.7125780609348389	0.7761697489823145	0.038845321300157026	0.3269481209429883	1.4106612820338993	0.4855211542988816
ULK2	Other	17	191	432	7757	1.5981796587163077	0.6764295973585058	0.04165411162529128	0.3328351472299151	1.3803421234758535	0.4777708186732928
NDR1	AGC	7	191	127	7757	2.238487859174671	1.1625244935570733	0.042345546960435305	0.3328351472299151	1.3731922531536458	0.4777708186732928
PHKG2	CAMK	9	191	184	7757	1.9864841793762804	0.9902173036569347	0.0428401674652366	0.3328351472299151	1.3681488401490987	0.4777708186732928
CDK2	CMGC	16	191	406	7757	1.6004951899517708	0.6785183410864591	0.04685940973919913	0.35496002877443344	1.3292031862602516	0.4498205490859089
ROCK2	AGC	7	191	131	7757	2.1701370848487267	1.1177861787917887	0.04832308971452683	0.3571194191097959	1.3158453052836379	0.4471865335010683
SIK	CAMK	11	191	251	7757	1.7798335453995537	0.8317423229581605	0.05084090053679881	0.3583968360055298	1.293786765460698	0.44563583302610826
IRE1	Other	15	191	378	7757	1.6116097398819913	0.6885024296590811	0.05086159718890357	0.3583968360055298	1.2936100059488267	0.44563583302610826
CAMK1B	CAMK	7	191	134	7757	2.1215519262327103	1.0851199898714665	0.053142831081955624	0.36596085949619445	1.2745553131075191	0.4365653610914016
CDK6	CMGC	13	191	318	7757	1.6602621093878627	0.731411021128372	0.05536017865945812	0.36637024115957095	1.2568025169853376	0.43607980963589943
AKT1	AGC	4	191	56	7757	2.9008975317875842	1.5364993362140311	0.055620564664489315	0.36637024115957095	1.2547646064566305	0.43607980963589943
PIM1	CAMK	8	191	167	7757	1.945512117127003	0.9601499657975833	0.059867635663488475	0.38595518310717036	1.2228078929913784	0.41346312242479094
MSK1	AGC	8	191	171	7757	1.9000030617556107	0.9260017433857374	0.06651391405157561	0.41986908245057103	1.1770874950919386	0.37688610396522076
PAK6	STE	13	191	329	7757	1.6047518260952596	0.6823502026774861	0.06806361335273353	0.4208831601199645	1.1670849988561618	0.3758384503823703
QIK	CAMK	12	191	306	7757	1.592649625295144	0.6714289163001395	0.08102117126411952	0.4820124634002259	1.0914014828277308	0.3169417320599802
PAK3	STE	8	191	179	7757	1.8150867238000528	0.8600384810073789	0.08113081067132515	0.4820124634002259	1.0908141844643489	0.3169417320599802
PKG1	AGC	12	191	310	7757	1.5720993075494003	0.6526923537185537	0.08699345886911011	0.5069041930257762	1.0605134012187232	0.2950741163512175
CHAK1	Alpha	13	191	346	7757	1.52590563810792	0.6096657487760027	0.0912483557506363	0.5216651281592981	1.0397749525685753	0.2826081936670593
NIM1	CAMK	14	191	383	7757	1.4845324183560482	0.5700085984042822	0.09618995389118741	0.5397325190561071	1.016870283445024	0.2678214147656877
DAPK1	CAMK	11	191	286	7757	1.5620217478856222	0.643414540130543	0.10181906965203837	0.5529320116103998	0.9921708755449182	0.257328266159457
AURA	Other	14	191	387	7757	1.4691884140319547	0.5550194241848289	0.102192054951097	0.5529320116103998	0.9905828676555616	0.257328266159457
LATS2	AGC	11	191	288	7757	1.5511743746364164	0.6333608754666199	0.10541662684160545	0.5603725953159027	0.9770908846066901	0.2515231117768766
HPK1	STE	9	191	225	7757	1.624502617801047	0.6999980684969105	0.11059523876579498	0.5777647818282049	0.956263569435042	0.23824893449567416
PKG2	AGC	10	191	260	7757	1.5620217478856224	0.6434145401305432	0.11526718300014978	0.591965363543142	0.9382943203773605	0.22770370351719973
AURB	Other	10	191	261	7757	1.5560369902308882	0.6378763565891131	0.11731517064478038	0.5924416117561409	0.9306458233380256	0.2273544452193642
MNK2	CAMK	8	191	198	7757	1.640911735152573	0.7144976381920257	0.12289330140959205	0.6052983043839512	0.9104717887175704	0.21803054267050576
DRAK1	CAMK	13	191	367	7757	1.438592236472317	0.5246577235695146	0.12598108215082718	0.6052983043839512	0.8996946654724587	0.21803054267050576
CDC7	Other	21	191	650	7757	1.3120982682239228	0.3918757731345788	0.1262515929575501	0.6052983043839512	0.898763133539523	0.21803054267050576
PAK2	STE	8	191	200	7757	1.6245026178010473	0.6999980684969107	0.12785178706459693	0.6052983043839512	0.8932931971889236	0.21803054267050576
ULK1	Other	16	191	476	7757	1.365128250252981	0.4490364949636918	0.13329433423390155	0.621356665736495	0.8751883101753871	0.20665903831593768
CDK5	CMGC	13	191	374	7757	1.4116667133297869	0.4973995165250907	0.13904237961601443	0.6383309246007935	0.8568528081763306	0.1949541152158942
MST4	STE	9	191	240	7757	1.5229712041884818	0.6068886641054291	0.1452049381383971	0.656673078446781	0.8380186138715354	0.18265078807005683
QSK	CAMK	11	191	312	7757	1.4318532688951537	0.5178836580466841	0.15426679769611462	0.662676405359484	0.8117275355634895	0.1786984922195249
PRKD3	CAMK	7	191	177	7757	1.6061466560179842	0.6836036302462416	0.15428909296509172	0.662676405359484	0.8116647740826738	0.1786984922195249
AMPKA2	CAMK	9	191	244	7757	1.4980044631362117	0.5830419221510614	0.15527334093496023	0.662676405359484	0.8089031024085505	0.1786984922195249
PKCD	AGC	4	191	83	7757	1.957232069639816	0.9688148269247107	0.15652767093706937	0.662676405359484	0.80540887682038	0.1786984922195249
SLK	STE	9	191	246	7757	1.4858255650619334	0.5712647543747077	0.16043403802253453	0.662676405359484	0.7947034854464631	0.1786984922195249
NEK4	Other	14	191	421	7757	1.3505366181243859	0.43353275726284307	0.1622005551594938	0.662676405359484	0.7899476636742332	0.1786984922195249
MPSK1	Other	15	191	458	7757	1.3301058551864469	0.41154106578320976	0.16478980455874845	0.662676405359484	0.7830696613333608	0.1786984922195249
WNK1	Other	9	191	248	7757	1.473843100827563	0.5595829493270724	0.16567726764321572	0.662676405359484	0.7807370764592385	0.1786984922195249
MASTL	AGC	14	191	423	7757	1.344151102199448	0.42669532720928943	0.16621586405056366	0.662676405359484	0.7793275284410386	0.1786984922195249
NUAK1	CAMK	9	191	250	7757	1.4620523560209426	0.5479949750518607	0.17100159827386813	0.6698885382854213	0.7669998304366317	0.17399745287314633
MLK3	TKL	12	191	355	7757	1.3728191136346877	0.45714154460074696	0.17244655441010845	0.6698885382854213	0.7633454786849709	0.17399745287314633
TNIK	STE	10	191	286	7757	1.420019770805111	0.505911016380608	0.1749153923971595	0.6708780240042953	0.7571719713159984	0.17335643410413482
CHAK2	Alpha	14	191	429	7757	1.3253517860847703	0.4063753428296936	0.17856760023229784	0.6763247858798281	0.7481973378147388	0.16984469630437737
MYO3A	STE	14	191	432	7757	1.3161479542369594	0.3963216781657707	0.18491192228117814	0.6798975434369334	0.7330350866017579	0.1675565279885771
NEK5	Other	14	191	432	7757	1.3161479542369594	0.3963216781657707	0.18491192228117814	0.6798975434369334	0.7330350866017579	0.1675565279885771
COT	STE	12	191	361	7757	1.3500021754579339	0.4329617321056204	0.18624256140351642	0.6798975434369334	0.7299210641148082	0.1675565279885771
CK1G1	CK1	16	191	507	7757	1.281658870059998	0.358012321268295	0.19011060510367556	0.6857561112668297	0.7209936558355511	0.16383031339512777
DMPK1	AGC	8	191	227	7757	1.4312798394722883	0.5173057709807203	0.2042430123521507	0.7202048681684091	0.6898527928068762	0.14254394737527
PKCH	AGC	4	191	93	7757	1.7467770083882228	0.8046954471636039	0.20441458304449897	0.7202048681684091	0.6894881246340073	0.14254394737527
MLK1	TKL	15	191	481	7757	1.2665041199072613	0.3408517701101118	0.21227934239208415	0.730916372100017	0.6730922664163635	0.13613231006422713
PLK4	Other	15	191	481	7757	1.2665041199072613	0.3408517701101118	0.21227934239208415	0.730916372100017	0.6730922664163635	0.13613231006422713
GAK	Other	25	191	866	7757	1.1724181710457904	0.22948723331963497	0.23240448883563322	0.761307053307408	0.6337554879094232	0.11844014656515878
PKACG	AGC	6	191	166	7757	1.467924052229862	0.5537773276458667	0.23273187094278994	0.761307053307408	0.6331441391593143	0.11844014656515878
ZAK	TKL	13	191	418	7757	1.2630702171898094	0.3369348443318446	0.23663192363275481	0.761307053307408	0.6259266657845749	0.11844014656515878
PKN2	AGC	5	191	133	7757	1.5267881746250442	0.6104999176578079	0.23769401735488155	0.761307053307408	0.6239817491193584	0.11844014656515878
MLK4	TKL	13	191	419	7757	1.2600557297979482	0.3334875427133757	0.23912509848264787	0.761307053307408	0.6213748381022882	0.11844014656515878
BRAF	TKL	19	191	644	7757	1.1981968066079152	0.26086489360060366	0.24227239407852133	0.761307053307408	0.6156960690750148	0.11844014656515878
KIS	Other	16	191	532	7757	1.2214305397000353	0.28857182277044546	0.2433304806054426	0.761307053307408	0.6138034860974682	0.11844014656515878
PASK	CAMK	10	191	311	7757	1.30587027154425	0.38501158302839494	0.24342369045681783	0.761307053307408	0.6136371576836089	0.11844014656515878
TTBK1	CK1	17	191	570	7757	1.2112519518692018	0.2764989904698705	0.2446619954447855	0.761307053307408	0.6114334865144353	0.11844014656515878
CLK3	CMGC	12	191	385	7757	1.2658461956891276	0.3401021234105276	0.24623132417203294	0.761307053307408	0.6086566993749689	0.11844014656515878
HGK	STE	9	191	278	7757	1.314795284191495	0.39483818699044004	0.25311862998911894	0.7746964129970003	0.5966758888057423	0.11086845490098725
CK1A2	CK1	11	191	352	7757	1.269142670157068	0.3438542582716351	0.2563964251648656	0.7764415582300297	0.5910880343092096	0.10989122749934062
ATR	PIKK	11	191	353	7757	1.2655473651424587	0.33976150363775204	0.25922122068842846	0.7764415582300297	0.5863294485936918	0.10989122749934062
GSK3B	CMGC	14	191	465	7757	1.2227439058717557	0.29012227433384535	0.2613763661368417	0.7764415582300297	0.582733684239728	0.10989122749934062
PAK4	STE	9	191	282	7757	1.296145705692325	0.37422790731515404	0.26583226949890776	0.7798602213595305	0.5753923009904882	0.10798323132512572
NIK	STE	2	191	40	7757	2.030628272251309	1.021926163384273	0.2676747954501359	0.7798602213595305	0.5723925205286503	0.10798323132512572
PKCI	AGC	3	191	73	7757	1.6690095388366921	0.738992200112774	0.27560503787313295	0.7953173950053265	0.5597128480833334	0.0994595186509665
CAMK2A	CAMK	13	191	437	7757	1.2081541207902524	0.27280450691212893	0.28566785326362	0.81657886357431	0.5441386288357685	0.08800186559823364
YANK2	AGC	16	191	554	7757	1.172926077834691	0.23011209222244683	0.2946240357808293	0.8343091854354325	0.530731825785398	0.07867297496830267
CDKL1	CMGC	6	191	182	7757	1.3388757839019618	0.421022118794095	0.29804316357556754	0.8358979597469756	0.5257208354364428	0.07784673479012977
PRKX	AGC	7	191	219	7757	1.298118530206316	0.37642212072806575	0.3007025663776249	0.8358979597469756	0.5218628653518111	0.07784673479012977
OSR1	STE	13	191	444	7757	1.1891066459129287	0.24987811006262145	0.30451375631416616	0.8377817161042646	0.5163930834698963	0.07686912199064254
DAPK2	CAMK	7	191	221	7757	1.2863708511999241	0.36330662093780763	0.3084007146038542	0.8377817161042646	0.5108846243041186	0.07686912199064254
ROCK1	AGC	4	191	113	7757	1.4376129361071215	0.5236752958564476	0.3097706924464143	0.8377817161042646	0.5089596734421697	0.07686912199064254
NEK9	Other	12	191	409	7757	1.1915667123235065	0.2528597260510426	0.31244004593987423	0.8377817161042646	0.5052333070095278	0.07686912199064254
TBK1	Other	12	191	412	7757	1.182890255680374	0.24231623180957282	0.32104320447782775	0.8532990434805422	0.4934365183623923	0.06889874119655987
CDK13	CMGC	11	191	376	7757	1.1881335635512977	0.248697025231295	0.3267976418279021	0.8610407432509073	0.48572108599771446	0.06497629784902116
PAK5	STE	7	191	227	7757	1.2523698595382522	0.3246606930383243	0.3317167216974998	0.8651962331482786	0.4792326353303566	0.0628853800402484
AMPKA1	CAMK	8	191	265	7757	1.22603971154796	0.2940057088210735	0.33408567418596896	0.8651962331482786	0.47614214679639183	0.0628853800402484
DLK	TKL	10	191	344	7757	1.1805978327042492	0.2395175984568994	0.3455635583249059	0.8694996849053178	0.4614720626424181	0.06073057104356493
MNK1	CAMK	4	191	120	7757	1.3537521815008728	0.4369636626631169	0.34810824012410324	0.8694996849053178	0.4582856963420471	0.06073057104356493
YSK1	STE	10	191	345	7757	1.1771758100007588	0.2353298014934661	0.34879116725969395	0.8694996849053178	0.4574345216148887	0.06073057104356493
CDKL5	CMGC	7	191	232	7757	1.2253791298068242	0.29322818520166694	0.35134800937010713	0.8694996849053178	0.4542625026989185	0.06073057104356493
PKN3	AGC	5	191	158	7757	1.2852077672476638	0.3620016049818946	0.3545343683055502	0.8694996849053178	0.45034165824685746	0.06073057104356493
MARK1	CAMK	13	191	463	7757	1.140309612927301	0.18942559315249097	0.3572336116976965	0.8694996849053178	0.4470476855951082	0.06073057104356493
WNK3	Other	11	191	386	7757	1.1573529012831294	0.21082883964085194	0.35736432565888276	0.8694996849053178	0.4468888036568422	0.06073057104356493
CAMKK1	Other	20	191	736	7757	1.1036023218757114	0.14222039710198467	0.3590532638592904	0.8694996849053178	0.44484112110325913	0.06073057104356493
MEKK3	STE	13	191	466	7757	1.1329685639170395	0.18010783175844733	0.36571778995163895	0.8694996849053178	0.43685391335647666	0.06073057104356493
TSSK1	CAMK	11	191	389	7757	1.1484273005020256	0.19965953192274047	0.3666268691815847	0.8694996849053178	0.4357757098329296	0.06073057104356493
RAF1	TKL	10	191	351	7757	1.1570531465819422	0.21045513285443662	0.36825377351738314	0.8694996849053178	0.4338527942222485	0.06073057104356493
MRCKB	AGC	3	191	88	7757	1.3845192765349832	0.4693851403554939	0.3746097914565233	0.8694996849053178	0.4264208753324749	0.06073057104356493
PKCG	AGC	3	191	88	7757	1.3845192765349832	0.4693851403554939	0.3746097914565233	0.8694996849053178	0.4264208753324749	0.06073057104356493
MEKK1	STE	11	191	392	7757	1.1396383160594081	0.1885760327937243	0.3759223060151704	0.8694996849053178	0.4249019038901057	0.06073057104356493
GCK	STE	7	191	241	7757	1.1796180834654906	0.23831984409927753	0.3869634446695792	0.8843976228543079	0.4123300596015847	0.053352433418792054
PINK1	Other	14	191	513	7757	1.1083351193574396	0.14839416472218522	0.3882312276287163	0.8843976228543079	0.4109095347864344	0.053352433418792054
PDK1	AGC	10	191	358	7757	1.1344292023750329	0.18196657589474102	0.39111974080025497	0.8843976228543079	0.40769026355628946	0.053352433418792054
PKCA	AGC	3	191	91	7757	1.3388757839019618	0.421022118794095	0.3942510326156165	0.8848745398706059	0.4042271605008303	0.05311830049353139
IKKB	Other	13	191	479	7757	1.1022199390090612	0.14041213067654712	0.40279695692637896	0.8974079260933296	0.39491381913896045	0.047010099006872905
SSTK	CAMK	14	191	523	7757	1.087143243270299	0.12054204408229759	0.41583621750117794	0.9183688723236211	0.3810776882226254	0.03698284490166152
DCAMKL2	CAMK	6	191	210	7757	1.1603590127150336	0.21457124132666863	0.41826701115729276	0.9183688723236211	0.37854638700273	0.03698284490166152
CDK9	CMGC	10	191	368	7757	1.1036023218757114	0.14222039710198467	0.42393098217229774	0.9239038721611598	0.3727048427033668	0.03437321272114933
KHS1	STE	6	191	212	7757	1.1494122295762126	0.20089630442959214	0.42688627756621245	0.9239038721611598	0.3696878055452163	0.03437321272114933
HUNK	CAMK	13	191	491	7757	1.075281773493565	0.1047147620980344	0.4372599836193544	0.9338159036458762	0.35926026582573795	0.029738733953262843
NEK11	Other	10	191	373	7757	1.0888087250677259	0.1227505329037596	0.44033807382900747	0.9338159036458762	0.35621376164707896	0.029738733953262843
DAPK3	CAMK	8	191	294	7757	1.1051038216333655	0.14418191343527093	0.44071179611010003	0.9338159036458762	0.355845324990506	0.029738733953262843
MYO3B	STE	10	191	379	7757	1.0715716476260206	0.09972831498790596	0.45997696845677327	0.9611932513269124	0.3372639133674394	0.017189287100109297
PRKD1	CAMK	10	191	379	7757	1.0715716476260206	0.09972831498790596	0.45997696845677327	0.9611932513269124	0.3372639133674394	0.017189287100109297
KHS2	STE	5	191	181	7757	1.1218940730670215	0.16593646607579216	0.4642571882859993	0.9613371064990355	0.33324136317509545	0.017124294100327946
LRRK2	TKL	11	191	421	7757	1.061135914240589	0.0856094538425363	0.4663912694896311	0.9613371064990355	0.33124958785445685	0.017124294100327946
PLK1	Other	12	191	464	7757	1.0503249684058493	0.07083576386521907	0.4751264676027166	0.9708111668930558	0.32319077590864603	0.012865236777534126
PKR	Other	13	191	505	7757	1.0454719817531493	0.0641543987735704	0.47739559032034756	0.9708111668930558	0.3211215968675651	0.012865236777534126
SNRK	CAMK	8	191	305	7757	1.0652476182301949	0.09118882582138658	0.4809518160946673	0.9715226685112279	0.31789843101161086	0.012547061564987118
CK1D	CK1	13	191	509	7757	1.0372560919161893	0.05277213033703211	0.48879661592126816	0.9754344294331184	0.3108718094999684	0.010801919393489273
PKCE	AGC	2	191	66	7757	1.2306838013644297	0.2994601389131818	0.489326842487901	0.9754344294331184	0.31040095995102174	0.010801919393489273
IRAK4	TKL	11	191	430	7757	1.0389260927797395	0.05509302731947216	0.4942458206556046	0.9788005467885502	0.30605699439442763	0.00930579670972145
CLK1	CMGC	8	191	314	7757	1.0347150431853804	0.04923350938000829	0.51335711960267	0.9999577376909771	0.28958041049451816	0.000018354675459365165
CDK12	CMGC	9	191	355	7757	1.0296143352260159	0.04210404532190323	0.5141751921790807	0.9999577376909771	0.2888888809402169	0.000018354675459365165
P38A	CMGC	11	191	440	7757	1.0153141361256544	0.02192616338427267	0.5248011929223861	0.9999577376909771	0.28000518643914	0.000018354675459365165
NEK6	Other	10	191	403	7757	1.0077559663778208	0.011146324631030192	0.5371344566824539	0.9999577376909771	0.2699169871384277	0.000018354675459365165
CDK10	CMGC	8	191	323	7757	1.0058839738706176	0.008463903577710475	0.5450966525044197	0.9999577376909771	0.26352648501197057	0.000018354675459365165
PRKD2	CAMK	6	191	241	7757	1.011101214398992	0.015927422762829633	0.5481569399241167	0.9999577376909771	0.2610950831486535	0.000018354675459365165
ERK5	CMGC	12	191	489	7757	0.996627372884078	-0.004873895959442394	0.5482060252998644	0.9999577376909771	0.2610561954654322	0.000018354675459365165
smMLCK	CAMK	6	191	243	7757	1.00277939370435	0.0040042553870104644	0.5561342426663336	0.9999577376909771	0.25482036343202064	0.000018354675459365165
CK1G3	CK1	14	191	575	7757	0.9888276804006373	-0.016208965502498434	0.5579407453793002	0.9999577376909771	0.2534119217098265	0.000018354675459365165
BRSK2	CAMK	7	191	290	7757	0.9803033038454594	-0.02869990968569533	0.5756966494351571	0.9999577376909771	0.2398062981391981	0.000018354675459365165
TAO3	STE	5	191	206	7757	0.985741879733645	-0.020718174024220985	0.5765259687813421	0.9999577376909771	0.2391811257596864	0.000018354675459365165
CAMK1D	CAMK	4	191	164	7757	0.9905503767079556	-0.013697746346448408	0.5783377247946299	0.9999577376909771	0.23781847787490074	0.000018354675459365165
HASPIN	Other	9	191	381	7757	0.9593519396462877	-0.05986792777937443	0.5987041339466577	0.9999577376909771	0.22278774311701166	0.000018354675459365165
CAMK2D	CAMK	11	191	466	7757	0.9586657079298024	-0.060900267745347895	0.601233881720665	0.9999577376909771	0.22095655331849187	0.000018354675459365165
MEKK2	STE	13	191	550	7757	0.9599333650642551	-0.058993831999294685	0.6016050401627638	0.9999577376909771	0.22068853394283205	0.000018354675459365165
GSK3A	CMGC	10	191	427	7757	0.9511139448483882	-0.07230990646149298	0.6102132812425101	0.9999577376909771	0.21451834420661606	0.000018354675459365165
PHKG1	CAMK	4	191	171	7757	0.9500015308778054	-0.07399825661426265	0.6107819745209098	0.9999577376909771	0.21411378838316278	0.000018354675459365165
MTOR	PIKK	9	191	388	7757	0.9420440438279268	-0.08613358247318012	0.6202603205675723	0.9999577376909771	0.20742600073046996	0.000018354675459365165
PRPK	Other	12	191	518	7757	0.9408316319311084	-0.08799152869376248	0.628144385777473	0.9999577376909771	0.20194051750635522	0.000018354675459365165
MAPKAPK5	CAMK	7	191	306	7757	0.9290456147555007	-0.10617866236341261	0.6314904771779348	0.9999577376909771	0.19963319418269315	0.000018354675459365165
PKN1	AGC	3	191	132	7757	0.9230128510233221	-0.11557736036566231	0.6345231589504109	0.9999577376909771	0.19755252231502576	0.000018354675459365165
BCKDK	PDHK	11	191	482	7757	0.9268427798657427	-0.10960345932102912	0.6453658308018417	0.9999577376909771	0.19019403224950812	0.000018354675459365165
TSSK2	CAMK	13	191	570	7757	0.9262514926058601	-0.1105241326393768	0.6525203562168999	0.9999577376909771	0.18540593539998987	0.000018354675459365165
NEK2	Other	8	191	356	7757	0.9126419201129479	-0.13187917269476251	0.6533855288071209	0.9999577376909771	0.18483048851502115	0.000018354675459365165
NEK8	Other	8	191	356	7757	0.9126419201129479	-0.13187917269476251	0.6533855288071209	0.9999577376909771	0.18483048851502115	0.000018354675459365165
NEK1	Other	13	191	573	7757	0.9214020083513793	-0.11809735234417748	0.6598601324656712	0.9999577376909771	0.18054811011825792	0.000018354675459365165
PERK	Other	13	191	573	7757	0.9214020083513793	-0.11809735234417748	0.6598601324656712	0.9999577376909771	0.18054811011825792	0.000018354675459365165
P38B	CMGC	11	191	491	7757	0.9098538083407087	-0.13629333740576058	0.6690247427554288	0.9999577376909771	0.1745578202838322	0.000018354675459365165
CAMK1A	CAMK	3	191	140	7757	0.8702692595362752	-0.2004662579521752	0.6730203702892226	0.9999577376909771	0.17197179079783398	0.000018354675459365165
CAMKK2	Other	14	191	626	7757	0.9082682367897228	-0.13880966660337912	0.6838849369282899	0.9999577376909771	0.16501696181890427	0.000018354675459365165
CDK4	CMGC	7	191	326	7757	0.8720489512735682	-0.1975189739018384	0.695117823986127	0.9999577376909771	0.1579415753091286	0.000018354675459365165
IRE2	Other	10	191	459	7757	0.8848053473861912	-0.17656799025481051	0.6981031000149772	0.9999577376909771	0.15608043344983286	0.000018354675459365165
TTK	Other	16	191	722	7757	0.9000014503052893	-0.15200076861553574	0.7058164292662729	0.9999577376909771	0.15130823679973737	0.000018354675459365165
MEK1	STE	15	191	680	7757	0.8958654142285186	-0.1586460822575481	0.7079266900092269	0.9999577376909771	0.15001171374090494	0.000018354675459365165
CK1A	CK1	12	191	559	7757	0.8718260918431379	-0.19788771385039897	0.727847607767204	0.9999577376909771	0.13795954106307476	0.000018354675459365165
CDK16	CMGC	9	191	430	7757	0.8500304395470595	-0.2344135898755129	0.735884495274524	0.9999577376909771	0.13319034734933455	0.000018354675459365165
MARK2	CAMK	12	191	563	7757	0.8656319455422986	-0.2081743530874383	0.7366013162614624	0.9999577376909771	0.13276750942275786	0.000018354675459365165
CLK4	CMGC	7	191	342	7757	0.8312513395180795	-0.2666433345566589	0.7406503329443264	0.9999577376909771	0.13038677759955658	0.000018354675459365165
MARK4	CAMK	10	191	477	7757	0.8514164663527501	-0.23206310284651388	0.741822983193025	0.9999577376909771	0.12969971546779901	0.000018354675459365165
SMG1	PIKK	12	191	568	7757	0.8580119460216797	-0.22093036051189086	0.747286956840167	0.9999577376909771	0.1265125978612893	0.000018354675459365165
PLK3	Other	11	191	524	7757	0.8525538547619999	-0.23013712462851796	0.7477256218984606	0.9999577376909771	0.12625773737061877	0.000018354675459365165
ANKRD3	TKL	8	191	392	7757	0.8288278662250241	-0.2708555858435729	0.7527999997544064	0.9999577376909771	0.12332038972248383	0.000018354675459365165
CAMK4	CAMK	4	191	208	7757	0.7810108739428111	-0.356585459869457	0.755243990964535	0.9999577376909771	0.1219127214685527	0.000018354675459365165
DNAPK	PIKK	10	191	483	7757	0.8408398642862563	-0.25009702567677555	0.755422415490161	0.9999577376909771	0.12181013258864538	0.000018354675459365165
PKCB	AGC	2	191	112	7757	0.7252243829468961	-0.46350066378596894	0.7643657692668109	0.9999577376909771	0.1166987702714058	0.000018354675459365165
GCN2	Other	9	191	444	7757	0.8232276779397198	-0.2806366066361584	0.7686918311384059	0.9999577376909771	0.11424773413869967	0.000018354675459365165
CLK2	CMGC	7	191	353	7757	0.8053483232724736	-0.3123151929419413	0.7690961007336625	0.9999577376909771	0.1140193904837301	0.000018354675459365165
caMLCK	CAMK	4	191	215	7757	0.7555826129307196	-0.40433859131782507	0.777357906062843	0.9999577376909771	0.10937898011790201	0.000018354675459365165
BIKE	Other	15	191	716	7757	0.8508219017812747	-0.23307092338410268	0.7776583776587302	0.9999577376909771	0.10921114501668464	0.000018354675459365165
CAMK2B	CAMK	11	191	543	7757	0.822722320249149	-0.28152251089542923	0.7869548847324745	0.9999577376909771	0.10405016455752603	0.000018354675459365165
HRI	Other	12	191	590	7757	0.8260182802378205	-0.2757543852564123	0.7908791003851388	0.9999577376909771	0.10188990088743596	0.000018354675459365165
JNK2	CMGC	9	191	456	7757	0.8015637916781483	-0.3191107544507941	0.7944543451625886	0.9999577376909771	0.09993105530199595	0.000018354675459365165
TLK2	Other	8	191	412	7757	0.7885935037869161	-0.3426462689115833	0.7986452866040678	0.9999577376909771	0.0976460670885655	0.000018354675459365165
YSK4	STE	6	191	324	7757	0.7520845452782625	-0.4110332438918335	0.8114289528389127	0.9999577376909771	0.0907495001640525	0.000018354675459365165
PBK	Other	11	191	557	7757	0.8020434827563517	-0.3182476404310995	0.8129734879793176	0.9999577376909771	0.08992361702835173	0.000018354675459365165
CDK17	CMGC	8	191	419	7757	0.7754189106448912	-0.3669521754277165	0.813113700325104	0.9999577376909771	0.08984872135405007	0.000018354675459365165
TAO1	STE	4	191	228	7757	0.7125011481583541	-0.4890357558931064	0.8142365090568012	0.9999577376909771	0.08924942845326471	0.000018354675459365165
MAK	CMGC	5	191	281	7757	0.7226435132566935	-0.4686439670619287	0.8234664694765926	0.9999577376909771	0.08435408006163765	0.000018354675459365165
GRK6	AGC	12	191	611	7757	0.7976281265798921	-0.32621181082593836	0.8272914093504371	0.9999577376909771	0.08234148539228162	0.000018354675459365165
ERK2	CMGC	8	191	429	7757	0.7573438777627259	-0.40097957922791044	0.8324034112194594	0.9999577376909771	0.07966614870217882	0.000018354675459365165
MST3	STE	3	191	185	7757	0.6585821423517758	-0.6025647015235209	0.8351329221607531	0.9999577376909771	0.07824439545452071	0.000018354675459365165
IKKE	Other	8	191	431	7757	0.7538295210213676	-0.40768980081746303	0.836070530902197	0.9999577376909771	0.077757083937098	0.000018354675459365165
MYLK4	CAMK	3	191	188	7757	0.6480728528461623	-0.6257720926848462	0.8429696998949752	0.9999577376909771	0.07418803558274314	0.000018354675459365165
LATS1	AGC	6	191	340	7757	0.7166923313828149	-0.4805741771449106	0.8450926180556638	0.9999577376909771	0.0730956918712923	0.000018354675459365165
TGFBR2	TKL	9	191	484	7757	0.7551923326554455	-0.40508397756064696	0.8463033069864805	0.9999577376909771	0.07247396208707199	0.000018354675459365165
NEK7	Other	8	191	440	7757	0.7384102808186578	-0.4375054552530245	0.851806148297326	0.9999577376909771	0.06965922953350125	0.000018354675459365165
MINK	STE	8	191	441	7757	0.7367358810889103	-0.4407805872858853	0.8534784413893858	0.9999577376909771	0.06880744455964811	0.000018354675459365165
MEK5	STE	5	191	296	7757	0.6860230649497665	-0.5436710124699523	0.8555464162850612	0.9999577376909771	0.06775642354002445	0.000018354675459365165
PDHK4	PDHK	10	191	541	7757	0.7506943705180439	-0.4137024306678179	0.8618532661443352	0.9999577376909771	0.06456666819882512	0.000018354675459365165
ASK1	STE	16	191	824	7757	0.7885935037869161	-0.3426462689115833	0.8699453477192591	0.9999577376909771	0.06050803005895305	0.000018354675459365165
MARK3	CAMK	8	191	453	7757	0.7172196988084094	-0.4795129817745998	0.8723989373993591	0.9999577376909771	0.05928487207302078	0.000018354675459365165
SRPK2	CMGC	5	191	307	7757	0.6614424339580811	-0.5963124922111818	0.8758811374826798	0.9999577376909771	0.05755482629526056	0.000018354675459365165
RIPK1	TKL	6	191	358	7757	0.6806575214250197	-0.5549990182714652	0.8770018445316292	0.9999577376909771	0.056999493214272084	0.000018354675459365165
YANK3	AGC	4	191	259	7757	0.6272210879540724	-0.6729540294149184	0.8823544152284603	0.9999577376909771	0.05435693679420088	0.000018354675459365165
NEK3	Other	7	191	413	7757	0.6883485668648504	-0.5387887910902064	0.8852309481822266	0.9999577376909771	0.05294341129491836	0.000018354675459365165
AlphaK3	Alpha	17	191	884	7757	0.7810108739428111	-0.356585459869457	0.8858938247484913	0.9999577376909771	0.0526183256174397	0.000018354675459365165
NLK	CMGC	6	191	369	7757	0.6603669178053037	-0.5986602470676049	0.8936698696907	0.9999577376909771	0.048822884168520805	0.000018354675459365165
AAK1	Other	12	191	664	7757	0.733962026114931	-0.44622267235413327	0.8979919624088963	0.9999577376909771	0.04672755052321452	0.000018354675459365165
JNK3	CMGC	8	191	473	7757	0.6868932844824724	-0.5418421150677599	0.8994987456911717	0.9999577376909771	0.0459994379213009	0.000018354675459365165
PRP4	CMGC	7	191	424	7757	0.6704904672527906	-0.5767112742339601	0.9001457295378765	0.9999577376909771	0.0456871745487547	0.000018354675459365165
LKB1	CAMK	9	191	523	7757	0.6988777992451923	-0.516887876532994	0.9008399527621641	0.9999577376909771	0.04535236085932559	0.000018354675459365165
MEKK6	STE	9	191	524	7757	0.6975440629870908	-0.5196437418235028	0.9019955687821644	0.9999577376909771	0.044795596003713745	0.000018354675459365165
GRK5	AGC	10	191	574	7757	0.7075359833628254	-0.4991245735166903	0.9037690572739382	0.9999577376909771	0.043942531875393154	0.000018354675459365165
RIPK3	TKL	8	191	478	7757	0.679708208284957	-0.5570125497091133	0.9054702472604746	0.9999577376909771	0.04312581554637474	0.000018354675459365165
MST1	STE	8	191	479	7757	0.6782891932363454	-0.560027587464545	0.9066281659816474	0.9999577376909771	0.042570792953929744	0.000018354675459365165
BUB1	Other	7	191	431	7757	0.6596008308936966	-0.600334878759859	0.9087617160970471	0.9999577376909771	0.04154997700938756	0.000018354675459365165
MOK	CMGC	4	191	277	7757	0.5864630389173455	-0.7698879077775532	0.9110589185310529	0.9999577376909771	0.04045353612743247	0.000018354675459365165
SBK	Other	5	191	331	7757	0.6134828617073441	-0.7049050536482201	0.9119868123043339	0.9999577376909771	0.04001144169884968	0.000018354675459365165
MAP3K15	STE	8	191	488	7757	0.6657797613938718	-0.5868830792912509	0.916522865910051	0.9999577376909771	0.03785669555208465	0.000018354675459365165
SRPK1	CMGC	5	191	335	7757	0.606157693209346	-0.7222349321861372	0.917021236120158	0.9999577376909771	0.03762060694392425	0.000018354675459365165
HIPK3	CMGC	6	191	388	7757	0.6280293625519512	-0.6710960831943364	0.9179659657080997	0.9999577376909771	0.03717342030112257	0.000018354675459365165
CDK14	CMGC	6	191	390	7757	0.6248086991542489	-0.6785135547568195	0.9202204901863672	0.9999577376909771	0.036108100699782784	0.000018354675459365165
IKKA	Other	8	191	492	7757	0.6603669178053038	-0.5986602470676047	0.9206266081223271	0.9999577376909771	0.03591647720034841	0.000018354675459365165
MOS	Other	11	191	642	7757	0.695853925070542	-0.5231436102133707	0.9230583177551452	0.9999577376909771	0.034770859885060915	0.000018354675459365165
GRK4	AGC	8	191	495	7757	0.6563646940610293	-0.6074304566953366	0.9235904841881136	0.9999577376909771	0.03452055029566092	0.000018354675459365165
CK1G2	CK1	11	191	646	7757	0.6915452320360495	-0.5321044777849925	0.9264937677971522	0.9999577376909771	0.033157497683896475	0.000018354675459365165
CHK1	CAMK	8	191	500	7757	0.649801047120419	-0.6219300263904516	0.9283200273015595	0.9999577376909771	0.03230228010498457	0.000018354675459365165
P38G	CMGC	6	191	401	7757	0.6076693084043817	-0.718641667462129	0.9316834304985939	0.9999577376909771	0.030731628142083498	0.000018354675459365165
IRAK1	TKL	11	191	655	7757	0.6820430838096	-0.5520652195158801	0.9337528866893087	0.9999577376909771	0.029768042556678823	0.000018354675459365165
BMPR2	TKL	11	191	657	7757	0.6799668491556895	-0.5564636834133971	0.9352805872950808	0.9999577376909771	0.029058079787068005	0.000018354675459365165
PLK2	Other	9	191	560	7757	0.6527019446522064	-0.6155037572310189	0.9367107257128842	0.9999577376909771	0.02839450689575365	0.000018354675459365165
ICK	CMGC	3	191	242	7757	0.5034615551036303	-0.9900464782818031	0.9379067928277177	0.9999577376909771	0.027840318733841234	0.000018354675459365165
VRK1	CK1	17	191	949	7757	0.7275169784672761	-0.4589471774991348	0.9389555789435567	0.9999577376909771	0.027354953288761114	0.000018354675459365165
JNK1	CMGC	8	191	513	7757	0.633334353918537	-0.6589607573354187	0.9394552145944647	0.9999577376909771	0.027123918616244067	0.000018354675459365165
MST2	STE	7	191	462	7757	0.6153419006822148	-0.7005398610868182	0.9397119594364106	0.9999577376909771	0.027005245971948276	0.000018354675459365165
CAMK2G	CAMK	12	191	713	7757	0.6835214380649567	-0.5489415074510968	0.9405013338435578	0.9999577376909771	0.02664058418538742	0.000018354675459365165
GRK7	AGC	7	191	466	7757	0.6100599959553288	-0.7129769643250412	0.9429465549909374	0.9999577376909771	0.0255129218228944	0.000018354675459365165
SRPK3	CMGC	4	191	309	7757	0.5257290025246107	-0.9276087696327393	0.9471326864763991	0.9999577376909771	0.023589175201678515	0.000018354675459365165
MRCKA	AGC	1	191	120	7757	0.3384380453752182	-1.563036337336883	0.9484915059475229	0.9999577376909771	0.022966554007408796	0.000018354675459365165
TAK1	TKL	13	191	775	7757	0.6812430332714069	-0.5537585237488726	0.9489772912192028	0.9999577376909771	0.022744180002834985	0.000018354675459365165
DSTYK	TKL	8	191	536	7757	0.606157693209346	-0.7222349321861372	0.9555019379304348	0.9999577376909771	0.019768427780459005	0.000018354675459365165
CDK18	CMGC	6	191	436	7757	0.5588885152985253	-0.8393675657841351	0.9591101253275153	0.9999577376909771	0.018131524136732472	0.000018354675459365165
TLK1	Other	8	191	544	7757	0.5972436094856791	-0.7436085829787042	0.9601284372073375	0.9999577376909771	0.017670667127711988	0.000018354675459365165
CAMK1G	CAMK	1	191	133	7757	0.30535763492500884	-1.7114281772295548	0.9626502157970834	0.9999577376909771	0.016531487480228223	0.000018354675459365165
TAO2	STE	3	191	270	7757	0.45125072716695747	-1.1479988380580397	0.9628302540439254	0.9999577376909771	0.01645027178514581	0.000018354675459365165
CDK7	CMGC	6	191	445	7757	0.5475851520677687	-0.8688447668609688	0.9643297582740341	0.9999577376909771	0.015774431128441527	0.000018354675459365165
FAM20C	FAM20	12	191	757	7757	0.6437923188115113	-0.6353327309929405	0.96475930584882	0.9999577376909771	0.015581023630574259	0.000018354675459365165
P38D	CMGC	7	191	502	7757	0.5663106735362216	-0.8203343736215329	0.9658262189070171	0.9999577376909771	0.015101009153023634	0.000018354675459365165
DYRK2	CMGC	6	191	455	7757	0.5355503135607848	-0.9009059760932674	0.969415429372128	0.9999577376909771	0.01349007225731989	0.000018354675459365165
EEF2K	Alpha	10	191	670	7757	0.606157693209346	-0.7222349321861372	0.9705914534451777	0.9999577376909771	0.012963537189227343	0.000018354675459365165
HIPK2	CMGC	5	191	405	7757	0.501389696852175	-0.9959957446129896	0.972284328296478	0.9999577376909771	0.01220671433988265	0.000018354675459365165
MEK2	STE	14	191	885	7757	0.6424586624071937	-0.6383244646411207	0.9751822567778758	0.9999577376909771	0.010914209208339153	0.000018354675459365165
STLK3	STE	13	191	852	7757	0.6196752943489909	-0.690415643813111	0.9799277311756034	0.9999577376909771	0.008805951969713363	0.000018354675459365165
ERK1	CMGC	5	191	425	7757	0.47779488758854327	-1.0655366778660667	0.9801493011622594	0.9999577376909771	0.008707765397060979	0.000018354675459365165
RIPK2	TKL	6	191	483	7757	0.5045039185717538	-0.9870626198429817	0.9803386382844411	0.9999577376909771	0.00862388008873124	0.000018354675459365165
GRK2	AGC	7	191	547	7757	0.5197220440862581	-0.9441878424633176	0.9826667886653274	0.9999577376909771	0.007593721614729432	0.000018354675459365165
DYRK3	CMGC	4	191	381	7757	0.42637863984279456	-1.2297929292216867	0.9850081470008156	0.9999577376909771	0.006560177438564883	0.000018354675459365165
CDK8	CMGC	6	191	500	7757	0.4873507853403142	-1.0369675256692956	0.9850787576789374	0.9999577376909771	0.006529045991711436	0.000018354675459365165
PDHK1	PDHK	6	191	501	7757	0.48637802928175067	-1.039850034202417	0.9853214599641886	0.9999577376909771	0.0064220583220804765	0.000018354675459365165
CK2A1	Other	11	191	779	7757	0.5734765338835532	-0.8021936411527367	0.9864886212303341	0.9999577376909771	0.005907919803961488	0.000018354675459365165
CK2A2	Other	11	191	781	7757	0.5720079640144532	-0.8058928612330469	0.9868600467519507	0.9999577376909771	0.005744433179424971	0.000018354675459365165
DYRK4	CMGC	7	191	572	7757	0.49700691978178885	-1.0086621564491502	0.9883102948401695	0.9999577376909771	0.005106680736484353	0.000018354675459365165
VRK2	CK1	8	191	639	7757	0.508451523568403	-0.975817862675359	0.9901650885046036	0.9999577376909771	0.004292390201154655	0.000018354675459365165
CHK2	CAMK	1	191	190	7757	0.2137503444475062	-2.2260013500593128	0.9909333286138937	0.9999577376909771	0.003955564474494597	0.000018354675459365165
GRK1	AGC	6	191	533	7757	0.45717709694213327	-1.1291749637663848	0.9913982443165875	0.9999577376909771	0.00375185452940849	0.000018354675459365165
ATM	PIKK	4	191	413	7757	0.393342038208486	-1.3461437131478102	0.9917182134429058	0.9999577376909771	0.0036117106396217377	0.000018354675459365165
skMLCK	CAMK	2	191	299	7757	0.27165595615402127	-1.8801474159264697	0.9950125941178294	0.9999577376909771	0.0021714222479802315	0.000018354675459365165
ALK4	TKL	8	191	682	7757	0.47639372956042436	-1.0697736707525374	0.9950479694085747	0.9999577376909771	0.0021559822218326996	0.000018354675459365165
DYRK1A	CMGC	3	191	387	7757	0.31482608872113316	-1.667372997151619	0.9963228497944547	0.9999577376909771	0.0015999094030708706	0.000018354675459365165
ACVR2A	TKL	8	191	722	7757	0.45000072515264466	-1.1520007686155358	0.9974518383115352	0.9999577376909771	0.001108064924924977	0.000018354675459365165
HIPK4	CMGC	3	191	407	7757	0.2993555192508072	-1.7400682252734556	0.997576884099992	0.9999577376909771	0.0010536229057469054	0.000018354675459365165
DYRK1B	CMGC	4	191	481	7757	0.3377344319752697	-1.5660388254984068	0.9977808916633939	0.9999577376909771	0.0009648174188945161	0.000018354675459365165
GRK3	AGC	5	191	547	7757	0.3712300314901844	-1.4296146696335592	0.997786632825127	0.9999577376909771	0.0009623185258930792	0.000018354675459365165
CDK19	CMGC	4	191	486	7757	0.33425979790145005	-1.5809582453341455	0.9979911271468598	0.9999577376909771	0.0008733198832575087	0.000018354675459365165
TGFBR1	TKL	8	191	739	7757	0.4396488816782266	-1.1855762958745157	0.9980924795916997	0.9999577376909771	0.0008292167130189497	0.000018354675459365165
ACVR2B	TKL	8	191	740	7757	0.4390547615678506	-1.1875272022446768	0.9981249381316574	0.9999577376909771	0.0008150934369966558	0.000018354675459365165
BMPR1A	TKL	10	191	865	7757	0.4695094271101292	-1.0907739693650895	0.9984040431452442	0.9999577376909771	0.0006936689355758012	0.000018354675459365165
HIPK1	CMGC	2	191	388	7757	0.20934312085065043	-2.2560585839154923	0.9993390624362027	0.9999577376909771	0.00028713643692441967	0.000018354675459365165
ALK2	TKL	8	191	804	7757	0.4041051288062307	-1.3071974329072935	0.9993924423935534	0.9999577376909771	0.0002639391031443527	0.000018354675459365165
BMPR1B	TKL	6	191	813	7757	0.29972373022159543	-1.7382947830822364	0.9999577376909771	0.9999577376909771	0.000018354675459365165	0.000018354675459365165
