kinase	kinase_group	foreground_set_hits	foreground_set_size	background_set_hits	background_set_size	enrichment_value	enrichment_value_log2	p_value	adjusted_p_value	p_value_log10_abs	adjusted_p_value_log10_abs
MAPKAPK3	CAMK	162	1982	157	4155	2.1631305957438607	1.1131207684642166	1.6414094714732289e-12	4.973470698563883e-10	11.784783064883351	9.303340436381047
AMPKA1	CAMK	122	1982	109	4155	2.3463927642359215	1.2304445272571787	4.053727716459634e-11	6.141397490436346e-9	10.392145425650508	8.211732792812183
BRSK1	CAMK	152	1982	158	4155	2.016758420723218	1.0120382797377012	2.538570863687082e-10	2.5639565723239526e-8	9.59541070884842	7.591089335065777
BRSK2	CAMK	134	1982	133	4155	2.1121294659453884	1.0786982694278018	4.3867017285993285e-10	3.322926559413991e-8	9.357861894208513	7.478479257034171
MAPKAPK2	CAMK	178	1982	206	4155	1.8114241768146324	0.8571244182543978	2.1252522085686156e-9	1.287902838392581e-7	8.67258952383008	6.890116899663794
PKACG	AGC	80	1982	65	4155	2.5801443763098657	1.3674517963301265	7.575375025483609e-9	3.8255643878692225e-7	8.120595862170015	6.417304484051353
MSK2	AGC	92	1982	84	4155	2.2960213348709817	1.1991360477494712	2.1255456358975594e-8	9.200576109670864e-7	7.672529566205811	6.036184977717762
AMPKA2	CAMK	105	1982	104	4155	2.116524683691687	1.0816973139962494	3.397081768595743e-8	0.0000012399834709339827	7.468893999428903	5.906584103974867
CAMK2D	CAMK	195	1982	246	4155	1.6617545716324973	0.7327073228815896	3.683119220595989e-8	0.0000012399834709339827	7.433784223037847	5.906584103974867
PKACA	AGC	94	1982	94	4155	2.096367305751766	1.0678915144712187	2.399409900671832e-7	0.000007270211999035652	6.6198955534522135	5.138452924949909
CRIK	AGC	64	1982	53	4155	2.5314624069455287	1.3399710599080197	3.6964245640546925e-7	0.000009994495167725297	6.432218152377075	5.000239137654745
MARK2	CAMK	201	1982	268	4155	1.5722754793138245	0.652854015192375	3.9582159080100185e-7	0.000009994495167725297	6.402500520109426	5.000239137654745
MARK1	CAMK	171	1982	218	4155	1.6443982077227155	0.7175597045801902	4.402555716896686e-7	0.000010261341401689968	6.356295139077287	4.988795862881819
QIK	CAMK	118	1982	133	4155	1.8599349028474315	0.8952521283318704	5.092893908256334e-7	0.000011022477530011922	6.293035370660411	4.957720777836344
CAMK1B	CAMK	71	1982	64	4155	2.3256574798183656	1.217638633975901	6.523145249939769e-7	0.000013176753404878332	6.1855429509969015	4.880191581550278
MARK3	CAMK	168	1982	216	4155	1.6305079044735955	0.7053214350865104	8.121525622338683e-7	0.000015380139147303883	6.090362381211079	4.8130397353647
QSK	CAMK	131	1982	158	4155	1.7381273231232999	0.7975337678315664	0.0000014811939962220594	0.000026400104756193176	5.829388056960776	4.578394349836746
MSK1	AGC	93	1982	100	4155	1.9496215943491422	0.9631941358045253	0.0000022646953320409855	0.00003812237142268992	5.644990215069772	4.4188200916707725
MAPKAPK5	CAMK	140	1982	175	4155	1.6770938446014128	0.7459634195838565	0.0000024887708932849906	0.000038444600041268334	5.604015081037747	4.415164652923001
CAMK4	CAMK	90	1982	96	4155	1.9653443491422806	0.9747821100797374	0.000002648604039640048	0.000038444600041268334	5.576982962900508	4.415164652923001
PRKD3	CAMK	88	1982	93	4155	1.9836593860876928	0.9881643220004848	0.0000026644772305829538	0.000038444600041268334	5.574387986691386	4.415164652923001
CAMK1A	CAMK	70	1982	67	4155	2.190234498546621	1.1310853409584127	0.0000031134529456632673	0.000042880738297089544	5.506757693486251	4.367737745806152
RSK2	AGC	71	1982	69	4155	2.1571315754837013	1.1091141771977318	0.000003757765833454579	0.000048550706368563435	5.425070286610987	4.313804447120804
SGK1	AGC	50	1982	40	4155	2.6204591321897075	1.389819609358581	0.000003845600504440668	0.000048550706368563435	5.415035833911502	4.313804447120804
RSK3	AGC	68	1982	65	4155	2.1931227198633856	1.1329865426931034	0.000004177148415113095	0.00005062703879117071	5.379120093870726	4.2956174740404585
CAMK1D	CAMK	84	1982	89	4155	1.9785938616084082	0.9844755062835812	0.000004798438874758549	0.00005498464241929852	5.318900033114906	4.2597585949405765
MRCKA	AGC	57	1982	50	4155	2.389858728557013	1.2569253388612356	0.00000489962160171967	0.00005498464241929852	5.309837459283894	4.2597585949405765
P70S6K	AGC	81	1982	85	4155	1.9977147266575652	0.9983505812181417	0.000005573584641807085	0.00006031414808812667	5.253865399184343	4.219580802024257
PKG1	AGC	114	1982	137	4155	1.7444224296036592	0.8027494456754337	0.000006437093034483435	0.00006504289901910797	5.191310214022995	4.186800110096289
TSSK1	CAMK	136	1982	173	4155	1.648011292382891	0.7207261280848333	0.000006530904984032928	0.00006504289901910797	5.185026634599428	4.186800110096289
PKG2	AGC	93	1982	104	4155	1.8746361484126368	0.9066106074381579	0.0000067440232789726675	0.00006504289901910797	5.171080939286053	4.186800110096289
DAPK2	CAMK	100	1982	115	4155	1.8229280919580573	0.8662576533015681	0.000006869217058123614	0.00006504289901910797	5.163092760278689	4.186800110096289
PAK4	STE	109	1982	131	4155	1.7443056208163548	0.8026528377106948	0.000010305487047465596	0.00009462310834491138	4.9869314782148715	4.024002789590454
CHK1	CAMK	182	1982	255	4155	1.4962307829287114	0.5813327178110571	0.000012882546879654199	0.00011480622660397713	4.889998268464164	3.940034557004114
PRKD1	CAMK	150	1982	201	4155	1.5644532132475863	0.6456585137881709	0.000015629272960973505	0.00013530484877642777	4.806061223924587	3.868686639772558
SIK	CAMK	110	1982	136	4155	1.6955912031815752	0.7617883867455387	0.000021998009264933583	0.00018514991131319097	4.657616619376567	3.7324764916415494
TSSK2	CAMK	181	1982	259	4155	1.4650288893477592	0.5509291138678702	0.000032492003798624684	0.00026608316624279136	4.488223504664529	3.574982600229219
AKT3	AGC	40	1982	32	4155	2.6204591321897075	1.389819609358581	0.00003548918991423128	0.0002829795932634757	4.449903913861608	3.5482448819761125
PKACB	AGC	83	1982	96	4155	1.812484233097881	0.8579684450969873	0.000047433599416129774	0.0003685225800791621	4.323913918416838	3.4335358969410317
PRKD2	CAMK	96	1982	118	4155	1.7055191640014367	0.7702109658305336	0.00006273271223260042	0.0004752002951619482	4.2025059354470695	3.323123298272727
P70S6KB	AGC	63	1982	68	4155	1.942222650917077	0.9577085967207956	0.00010419969819905865	0.0007632334250656945	3.9821335389124375	3.117342618382945
CAMK2A	CAMK	176	1982	258	4155	1.4300800225283365	0.516095877685262	0.00010655226247473145	0.0007632334250656945	3.972437324271136	3.117342618382945
AKT1	AGC	35	1982	28	4155	2.6204591321897075	1.389819609358581	0.00010831365438226028	0.0007632334250656945	3.9653167913056633	3.117342618382945
PHKG1	CAMK	68	1982	76	4155	1.8756970630410537	0.9074268422779725	0.00011393436999698005	0.0007845935024792035	3.94334524476748	3.105355292751362
PKN3	AGC	64	1982	70	4155	1.916678679544472	0.9386084975262525	0.00011886288520633953	0.0008003434270560195	3.924953732146254	3.096723617419293
PAK5	STE	86	1982	105	4155	1.717024650425256	0.779910751507194	0.0001279405492186929	0.0008426388870314874	3.892991789290367	3.0743585024445212
MRCKB	AGC	42	1982	38	4155	2.317037548462478	1.2122814238063935	0.0001322364785747896	0.0008426388870314874	3.878648724438878	3.0743585024445212
MARK4	CAMK	165	1982	240	4155	1.441252522704339	0.5273231331085158	0.00013348734844063166	0.0008426388870314874	3.8745598935712393	3.0743585024445212
PHKG2	CAMK	69	1982	79	4155	1.8310043556566058	0.8726352230722849	0.00016551299638717444	0.001023478324598242	3.7811678989418582	2.989921350468067
SSTK	CAMK	164	1982	243	4155	1.414832255733702	0.5006310154835214	0.0002675789697910478	0.0015978346640791862	3.572548022677776	2.7964681613129696
CHK2	CAMK	79	1982	97	4155	1.707350692313294	0.771759420461194	0.00026894246821134815	0.0015978346640791862	3.570340613717338	2.7964681613129696
MELK	CAMK	75	1982	91	4155	1.7277752519932135	0.7889155647684031	0.0002986451772783617	0.001740182475295069	3.5248444941374237	2.759405209269918
DAPK3	CAMK	105	1982	141	4155	1.5611245893896126	0.6425856797385475	0.00031517550015799125	0.001801852387695686	3.501447549303458	2.744280790401942
smMLCK	CAMK	91	1982	118	4155	1.6166900408763618	0.6930431053080737	0.00034994017705619515	0.001963553215704206	3.4560061927782693	2.7069573240989326
MYLK4	CAMK	73	1982	89	4155	1.7194922844930216	0.7819826423848384	0.00039408469277351667	0.0021710483983704643	3.4044104338811683	2.663330494873107
DAPK1	CAMK	109	1982	150	4155	1.5233602421796166	0.6072571487522642	0.0004628553499035254	0.0025043780539422892	3.3345547121223342	2.6013001106262297
skMLCK	CAMK	107	1982	148	4155	1.5156169034826956	0.5999051352434159	0.0005919841634269931	0.0031468631845329633	3.2276899112302284	2.502122138400415
RSK4	AGC	64	1982	78	4155	1.7200962508732438	0.7824892956089704	0.0008745020271435574	0.004568519210767205	3.0582391794657613	2.340224544526394
MNK2	CAMK	71	1982	90	4155	1.6538008745375044	0.7257855376462262	0.00099156925200169	0.005092296328076475	3.003676948920189	2.293086332060028
NDR1	AGC	51	1982	58	4155	1.8433574585058632	0.8823358613151423	0.0010261268430276705	0.0051819405572897355	2.988798951288447	2.285507573169786
SGK3	AGC	45	1982	49	4155	1.925235280792438	0.9450347666856852	0.0011036367465516199	0.0054819989213957514	2.95717384773715	2.2610610542456118
DLK	TKL	119	1982	176	4155	1.4174301669571598	0.503277659141865	0.0017545142497249764	0.00848153426049028	2.755843100203323	2.071525579276977
ROCK2	AGC	49	1982	57	4155	1.8021403154708162	0.8497113444216852	0.0017634873214880781	0.00848153426049028	2.7536276583257004	2.071525579276977
DCAMKL1	CAMK	61	1982	78	4155	1.6394667391135607	0.7132266331718567	0.002516001850622967	0.011777416652474119	2.599289043785176	1.9289499605347427
PIM2	CAMK	64	1982	83	4155	1.6164759947965424	0.6928520831242939	0.002526508522807979	0.011777416652474119	2.597479232394192	1.9289499605347427
AURB	Other	94	1982	135	4155	1.4596927906716002	0.5456647690980254	0.0028096000634720477	0.012898618473212583	2.5513554959627873	1.8894568030023509
caMLCK	CAMK	84	1982	118	4155	1.492329268501257	0.5775658878881377	0.00300943526088321	0.013609834090262877	2.52151499480259	1.866147169001111
CAMK2B	CAMK	194	1982	319	4155	1.274906762745588	0.35039174289347685	0.003304441191366518	0.014724201190941985	2.4809019727971147	1.831968257001046
NUAK1	CAMK	87	1982	124	4155	1.4708383516161585	0.5566386999330719	0.0034145150809841806	0.014936412574375784	2.466670964780765	1.8257536987882155
MNK1	CAMK	46	1982	55	4155	1.753325382992386	0.810093757003572	0.0034506563703178383	0.014936412574375784	2.4620982872762633	1.8257536987882155
ROCK1	AGC	40	1982	46	4155	1.8229280919580575	0.8662576533015683	0.003920553488287721	0.016731376154241966	2.406652616668159	1.7764683368849292
PKN1	AGC	51	1982	64	4155	1.6705426967709387	0.7403168564427146	0.004223877726158211	0.017775485430915804	2.374288662354779	1.7501785302837427
BCKDK	PDHK	156	1982	252	4155	1.2977511892749027	0.37601380983355065	0.005054700210459062	0.02098046799683693	2.296304596908631	1.6781848285267817
AKT2	AGC	38	1982	44	4155	1.8104990367856157	0.8563874092775067	0.005248130168414305	0.021488965419318034	2.279995401772073	1.6677844930007442
PRKX	AGC	86	1982	126	4155	1.4308538753543798	0.5168763456734	0.006069600880788007	0.02452118755838355	2.216839865921493	1.6104585008108878
PIM3	CAMK	93	1982	140	4155	1.3925868531065304	0.47776730863428385	0.007543367382292932	0.030074214695194192	2.122434740458894	1.5218057042373803
PIM1	CAMK	72	1982	103	4155	1.4654218059623996	0.5513159887303128	0.007783048597079928	0.03062680162227556	2.1088502578233914	1.5138983544935685
AURC	Other	90	1982	135	4155	1.3975782038345106	0.48292901375006253	0.007942319652125534	0.03085285711017996	2.100052638002352	1.5107046121905272
P90RSK	AGC	50	1982	66	4155	1.588157049811944	0.66735358488749	0.008921927243991242	0.03421954373328286	2.049541322639119	1.4657257854272554
YANK3	AGC	94	1982	144	4155	1.368461991254625	0.45255536470654373	0.010114243233296972	0.038307696246112286	1.9950666064075977	1.4167139648972362
AURA	Other	139	1982	227	4155	1.2836786585880857	0.36028409990381116	0.01028136154833298	0.038459908014134486	1.987949368436784	1.4149917588131287
HUNK	CAMK	157	1982	261	4155	1.2610332069081502	0.33460626679296107	0.010497456369716829	0.03878938146370975	1.978915921732233	1.4112871456136447
DCAMKL2	CAMK	66	1982	95	4155	1.4564236018907006	0.5424300254987244	0.011547305029468404	0.04215461956540875	1.9375193618669404	1.3751548257407094
PAK1	STE	69	1982	103	4155	1.4043625640472994	0.4899154440661693	0.017259781939068533	0.06225849913735435	1.7629646954839315	1.205801353043508
PAK6	STE	108	1982	175	4155	1.2937581086925185	0.3715679048023586	0.018993042498505114	0.06770461031820059	1.7214054599879187	1.1693817571999063
SMG1	PIKK	173	1982	299	4155	1.2129483073413228	0.2785180679098383	0.020649082746028717	0.07275200083775234	1.6850992353967253	1.1381550581379882
SBK	Other	112	1982	188	4155	1.2488996715116902	0.32065758485118534	0.03323093428400696	0.11573532285119666	1.4784574484087754	0.9365340725250888
WNK3	Other	114	1982	193	4155	1.2382687712730638	0.3083244913678799	0.037225725962727434	0.12817494280348196	1.4291568240383163	0.8921968676861799
SLK	STE	72	1982	116	4155	1.3011935001217858	0.379835520785959	0.045179075480854786	0.15381190865953934	1.3450626604823075	0.8130100386249153
CAMK1G	CAMK	46	1982	69	4155	1.3975782038345106	0.48292901375006253	0.047939707090153626	0.16139701387018388	1.319304623817563	0.7921045047545829
DMPK1	AGC	60	1982	97	4155	1.2967220447949066	0.3748692678926094	0.06557238050182325	0.21611773447619467	1.1832790496712942	0.6653095937408573
PDK1	AGC	85	1982	144	4155	1.2374390346451396	0.3073574491666081	0.06561990617759046	0.21611773447619467	1.182964394897607	0.6653095937408573
P38B	CMGC	143	1982	256	4155	1.1710176746972756	0.22776285124960824	0.06636140971523712	0.2162097542335145	1.1780843968332455	0.6651247168848755
P38D	CMGC	147	1982	264	4155	1.1672954316117787	0.22316973994912964	0.06724654481025598	0.21676279869688894	1.172330025204951	0.6640152503023449
SNRK	CAMK	88	1982	151	4155	1.2217239927559962	0.28891839378343726	0.0738830717989312	0.23564811321132792	1.1314550564154444	0.6277360332019871
PDHK1	PDHK	145	1982	263	4155	1.1557918605855744	0.20888161519385082	0.08221491988244706	0.2594908408789735	1.0850493620872022	0.5858779666244656
PAK3	STE	62	1982	103	4155	1.2618909995787329	0.3355872976748755	0.08406483514934268	0.2625942788685653	1.0753856343366692	0.5807147401006091
DRAK1	CAMK	104	1982	185	4155	1.178498377287479	0.23694977209599857	0.09587418003528865	0.2964273117417598	1.018298337334199	0.5280817845243889
WNK4	Other	81	1982	141	4155	1.2042961118148443	0.26819016495704995	0.09987249960681847	0.30567037758450505	1.000554080474493	0.5147466465697379
DNAPK	PIKK	144	1982	265	4155	1.139158083125488	0.1879679664629696	0.10639147718581014	0.3223661758730047	0.9730931611333147	0.4916505326310097
NIK	STE	14	1982	18	4155	1.6305079044735957	0.7053214350865105	0.11651609938375794	0.3455860937156188	0.9336140627026691	0.46144374172578667
ERK1	CMGC	123	1982	225	4155	1.1460141271442987	0.19662482859342156	0.11683654961764635	0.3455860937156188	0.9324212769650301	0.46144374172578667
ATM	PIKK	126	1982	231	4155	1.1434730758645997	0.19342239655507773	0.11747646090002883	0.3455860937156188	0.9300491455229195	0.46144374172578667
PKN2	AGC	37	1982	60	4155	1.2927598385469223	0.37045428449164997	0.12938007919852398	0.3738299450721622	0.8881325873470886	0.42732591307298556
RAF1	TKL	108	1982	197	4155	1.1492775077217803	0.20072719717831095	0.12954503047055127	0.3738299450721622	0.8875792425053525	0.42732591307298556
ERK2	CMGC	124	1982	230	4155	1.1302154170139955	0.17659777391371867	0.14159609490473568	0.4047511014729709	0.8489487239394061	0.39281196070187135
PDHK4	PDHK	156	1982	294	4155	1.1123581622356309	0.15362138849710263	0.14360659384258673	0.40484122586898	0.8428256185637407	0.39271526875776214
MEK5	STE	72	1982	128	4155	1.1792066094853684	0.23781651591353112	0.1442998428839929	0.40484122586898	0.8407341417731174	0.39271526875776214
MST4	STE	65	1982	115	4155	1.1849032597727374	0.24476927655529812	0.151556194770566	0.4212984129860688	0.8194263074013448	0.37541017683966343
WNK1	Other	61	1982	108	4155	1.184059311582016	0.24374134987063645	0.16160369077213552	0.4451447118541551	0.7915487248506119	0.3514987815065319
LATS2	AGC	98	1982	181	4155	1.1350497014567573	0.18275547150322166	0.1661524148921101	0.45355118659738164	0.7794933422173723	0.3433736925017247
TTBK1	CK1	142	1982	271	4155	1.0984655255230655	0.13548959262202923	0.18787830599985744	0.5082779171246143	0.7261233642766902	0.2938987584445668
CK1A2	CK1	93	1982	174	4155	1.1204721806604268	0.16410682973052199	0.20013269530308012	0.5330613696233456	0.6986819556926999	0.2732227891826034
NIM1	CAMK	99	1982	186	4155	1.115808404674327	0.158089323442797	0.20055774302660526	0.5330613696233456	0.6977605663484359	0.2732227891826034
PAK2	STE	65	1982	119	4155	1.1450745787719732	0.19544156419172992	0.2074170388260658	0.546498806646069	0.6831555702025748	0.2624107820538814
ERK5	CMGC	130	1982	251	4155	1.085767927281791	0.11871577354890114	0.23188505430016912	0.6056997539047522	0.6347272420654939	0.21774260279010735
MASTL	AGC	115	1982	221	4155	1.0908698649839508	0.1254790060241626	0.23537170200074148	0.6095523564634587	0.6282457522133622	0.21498898545721876
TBK1	Other	115	1982	224	4155	1.0762600007207728	0.10602664335798993	0.2731080630707662	0.7012859585630691	0.5636654778337242	0.15410485663754458
MAK	CMGC	81	1982	156	4155	1.0884984087557248	0.12233929849359533	0.2856894023298471	0.7274276378650728	0.5441058695053655	0.1382102023955913
NUAK2	CAMK	64	1982	122	4155	1.0997336685910903	0.13715417690833245	0.2904175304382972	0.7333042643567005	0.5369771719153645	0.1347157894606843
IKKB	Other	140	1982	278	4155	1.055724542464918	0.07823345869267757	0.3113332098540225	0.7796195255022217	0.5067745507370871	0.10811729255123219
HIPK4	CMGC	112	1982	221	4155	1.062412390245239	0.08734387713739136	0.3151251835741812	0.7826469723194829	0.5015168883199224	0.10643409049236546
JNK2	CMGC	120	1982	238	4155	1.0569919188664367	0.0799643467717939	0.32392573070811154	0.7979633854029089	0.4895545528829662	0.09801703582005908
IKKE	Other	116	1982	231	4155	1.0527212444467742	0.0741234681827332	0.3405827429585146	0.8266617422232534	0.46777736115251756	0.08267216098816896
CDK19	CMGC	134	1982	268	4155	1.0481836528758832	0.06789151447121906	0.3410320718742795	0.8266617422232534	0.46720477648241754	0.08267216098816896
PASK	CAMK	91	1982	180	4155	1.0598301379078372	0.08383305834024024	0.34397241663060346	0.8271717638021654	0.46347638238609334	0.08240429900135128
P38A	CMGC	117	1982	234	4155	1.0481836528758828	0.06789151447121845	0.35400517234817896	0.8445950174921121	0.4509903924774266	0.07335148493107845
NDR2	AGC	80	1982	159	4155	1.0547760028939703	0.07693665407422577	0.3695242129208552	0.8705862446966577	0.4323570993709213	0.060188198997517574
PKCZ	AGC	26	1982	49	4155	1.1123581622356309	0.15362138849710263	0.37064562893026015	0.8705862446966577	0.4310411172005737	0.060188198997517574
MOK	CMGC	74	1982	147	4155	1.055314153915855	0.0776725352638042	0.37499675044293795	0.8740308875708478	0.4259724956611221	0.058473219465653814
TLK1	Other	129	1982	263	4155	1.0282562070037178	0.04019978060217033	0.41388421924188107	0.9573047208419081	0.3831211322530844	0.01894979940654367
YANK2	AGC	138	1982	282	4155	1.0258818730274597	0.036864618850593896	0.41837919390617984	0.9603704223755491	0.37842992116853746	0.01756122387208233
BUB1	Other	104	1982	212	4155	1.028406602821621	0.040410778049111654	0.4267022348232206	0.9721111064017733	0.3698750825476458	0.01228409501242653
PKCH	AGC	22	1982	43	4155	1.0725600168962524	0.10105837840641807	0.44021756357296626	0.9954173265866327	0.3563326341800914	0.0019948040425940127
CDKL5	CMGC	65	1982	134	4155	1.0168945886109313	0.02417013704190087	0.4824034171420235	0.9999999994690388	0.31658962449836014	2.3059350365869304e-10
PKCI	AGC	19	1982	38	4155	1.048183652875883	0.06789151447121876	0.48302411806442364	0.9999999994690388	0.31603118378101414	2.3059350365869304e-10
JNK1	CMGC	130	1982	270	4155	1.0093620361027023	0.013443730448842525	0.4837852492043983	0.9999999994690388	0.3153473775756192	2.3059350365869304e-10
ATR	PIKK	97	1982	201	4155	1.0116797445667725	0.01675266547941755	0.4842247674418225	0.9999999994690388	0.3149530007509093	2.3059350365869304e-10
CDK7	CMGC	117	1982	244	4155	1.0052253064465435	0.007518896491736971	0.5016694924358792	0.9999999994690388	0.2995823085189966	2.3059350365869304e-10
RIPK2	TKL	118	1982	247	4155	1.00150340922554	0.0021673322483822164	0.5150999952687509	0.9999999994690388	0.28810845410846275	2.3059350365869304e-10
NEK2	Other	87	1982	182	4155	1.002109646156064	0.0030403701212507028	0.5171271409929795	0.9999999994690388	0.2864026680408124	2.3059350365869304e-10
RIPK1	TKL	86	1982	180	4155	1.001597712748066	0.002303172843641977	0.5188793373179041	0.9999999994690388	0.284933623326054	2.3059350365869304e-10
TTBK2	CK1	108	1982	227	4155	0.9973906124281531	-0.0037694706562275493	0.5305947888249137	0.9999999994690388	0.2752370197055516	2.3059350365869304e-10
CDK8	CMGC	134	1982	284	4155	0.9891310527138614	-0.01576641457569095	0.5622901750051378	0.9999999994690388	0.2500395049279645	2.3059350365869304e-10
JNK3	CMGC	125	1982	265	4155	0.9888525027130971	-0.016172750317255825	0.5624000800665205	0.9999999994690388	0.24995462615955966	2.3059350365869304e-10
LOK	STE	53	1982	113	4155	0.9832519221667575	-0.024366993380769784	0.5705560827641623	0.9999999994690388	0.24370166020648626	2.3059350365869304e-10
KHS2	STE	42	1982	90	4155	0.9783047426841575	-0.03164415907969568	0.5802016797980074	0.9999999994690388	0.23642101816356967	2.3059350365869304e-10
PKCG	AGC	19	1982	41	4155	0.9714872880313062	-0.04173297670327938	0.5901170206141264	0.9999999994690388	0.22906185892109174	2.3059350365869304e-10
PKCT	AGC	19	1982	41	4155	0.9714872880313062	-0.04173297670327938	0.5901170206141264	0.9999999994690388	0.22906185892109174	2.3059350365869304e-10
RIPK3	TKL	106	1982	227	4155	0.9789204159017058	-0.03073651825649698	0.59501096186236	0.9999999994690388	0.22547503320845683	2.3059350365869304e-10
NEK9	Other	97	1982	208	4155	0.9776328300861601	-0.03263536148274575	0.5968529214023662	0.9999999994690388	0.22413267606144388	2.3059350365869304e-10
CDK1	CMGC	113	1982	243	4155	0.9748539323043192	-0.03674202671937445	0.6114844594168242	0.9999999994690388	0.21361457587263735	2.3059350365869304e-10
HPK1	STE	50	1982	109	4155	0.9616363787852137	-0.05643662053098303	0.621392953284051	0.9999999994690388	0.20663367603631408	2.3059350365869304e-10
LATS1	AGC	86	1982	187	4155	0.9641047502387802	-0.05273819071431984	0.6356664537252867	0.9999999994690388	0.19677070715758196	2.3059350365869304e-10
PKCB	AGC	24	1982	54	4155	0.9317188025563403	-0.1020334869710938	0.6553807968004635	0.9999999994690388	0.18350628795482482	2.3059350365869304e-10
KHS1	STE	46	1982	102	4155	0.9454205496527572	-0.08097187144326394	0.6555457671570945	0.9999999994690388	0.18339698249422853	2.3059350365869304e-10
NEK3	Other	88	1982	193	4155	0.9558565953686808	-0.06513390415956445	0.6623131865345319	0.9999999994690388	0.1789365981432491	2.3059350365869304e-10
PBK	Other	120	1982	262	4155	0.9601682316420301	-0.05864089145771313	0.6673135424412566	0.9999999994690388	0.17567006150044964	2.3059350365869304e-10
PKCA	AGC	20	1982	46	4155	0.9114640459790287	-0.13374234669843169	0.6801185193899625	0.9999999994690388	0.16741539930561306	2.3059350365869304e-10
LKB1	CAMK	122	1982	268	4155	0.9543164600810279	-0.06746033842366728	0.6893479294559426	0.9999999994690388	0.16156152453122657	2.3059350365869304e-10
CK1G1	CK1	115	1982	254	4155	0.9491426778009964	-0.07530312135657195	0.7026903178694296	0.9999999994690388	0.1532360304173117	2.3059350365869304e-10
CAMK2G	CAMK	179	1982	392	4155	0.95726976461624	-0.06300255237973314	0.7095854295896427	0.9999999994690388	0.14899531075494316	2.3059350365869304e-10
CDK14	CMGC	88	1982	197	4155	0.9364483396251544	-0.0947286863478602	0.7206342907020349	0.9999999994690388	0.1422850762290601	2.3059350365869304e-10
AAK1	Other	144	1982	318	4155	0.9492984026045732	-0.07506643937082436	0.7214099708304366	0.9999999994690388	0.14181785945775355	2.3059350365869304e-10
DYRK1A	CMGC	102	1982	228	4155	0.9378485315205268	-0.09257315772202743	0.729167455613425	0.9999999994690388	0.13717272312583048	2.3059350365869304e-10
HIPK1	CMGC	99	1982	223	4155	0.9306742747507839	-0.10365176536947653	0.7482067622285982	0.9999999994690388	0.12597837100376638	2.3059350365869304e-10
GCK	STE	55	1982	127	4155	0.9078756048531269	-0.13943345877628766	0.7528999464258039	0.9999999994690388	0.1232627337624814	2.3059350365869304e-10
IRAK1	TKL	150	1982	335	4155	0.9386719279485518	-0.09130708037803535	0.7640913620664115	0.9999999994690388	0.11685470992030443	2.3059350365869304e-10
EEF2K	Alpha	142	1982	318	4155	0.9361137025683985	-0.09524432130845471	0.767174397158506	0.9999999994690388	0.11510589926585918	2.3059350365869304e-10
PKCD	AGC	16	1982	40	4155	0.8385469223007064	-0.25403658041614363	0.768601516065144	0.9999999994690388	0.11429876322572043	2.3059350365869304e-10
GRK6	AGC	157	1982	351	4155	0.9376913589829837	-0.09281495694171484	0.7725029079521578	0.9999999994690388	0.11209987707439147	2.3059350365869304e-10
PLK4	Other	105	1982	239	4155	0.920998188719395	-0.11872977584340737	0.7824674658575623	0.9999999994690388	0.1065337108962392	2.3059350365869304e-10
IKKA	Other	120	1982	272	4155	0.924867929008132	-0.11268073117060225	0.7853626451559008	0.9999999994690388	0.1049297592770501	2.3059350365869304e-10
HGK	STE	56	1982	133	4155	0.8826809708428488	-0.1800359989723668	0.8087111388522451	0.9999999994690388	0.09220657505588627	2.3059350365869304e-10
MEKK6	STE	98	1982	227	4155	0.9050396297959166	-0.14394712870448806	0.8181775022808804	0.9999999994690388	0.08715246662400676	2.3059350365869304e-10
PRP4	CMGC	109	1982	252	4155	0.9067620489164384	-0.14120408425177144	0.8257953198655428	0.9999999994690388	0.08312758278649106	2.3059350365869304e-10
MST3	STE	34	1982	85	4155	0.8385469223007063	-0.2540365804161438	0.8354653454674208	0.9999999994690388	0.07807155963582658	2.3059350365869304e-10
NLK	CMGC	93	1982	218	4155	0.8943218322702488	-0.1611339991976763	0.8384594355327188	0.9999999994690388	0.07651794361298905	2.3059350365869304e-10
ZAK	TKL	88	1982	207	4155	0.891209289401717	-0.16616382439080923	0.8393761033684024	0.9999999994690388	0.07604339910233232	2.3059350365869304e-10
MEK1	STE	149	1982	342	4155	0.9133296156637809	-0.13079247995251783	0.8446410624306395	0.9999999994690388	0.07332780906603546	2.3059350365869304e-10
HIPK3	CMGC	93	1982	219	4155	0.8902381709356815	-0.16773673402192324	0.8478664306800728	0.9999999994690388	0.07167255928521714	2.3059350365869304e-10
PLK3	Other	125	1982	292	4155	0.8974175110238725	-0.15614875974671139	0.8654069790600163	0.9999999994690388	0.06277960676263272	2.3059350365869304e-10
IRAK4	TKL	84	1982	202	4155	0.8717567014017245	-0.19800254550181576	0.8750718016832897	0.9999999994690388	0.05795631063998726	2.3059350365869304e-10
BIKE	Other	154	1982	359	4155	0.8992773400717882	-0.1531619786569313	0.8855958374869598	0.9999999994690388	0.05276443341286189	2.3059350365869304e-10
NEK4	Other	80	1982	195	4155	0.8600481254366219	-0.21751070439102965	0.8911974084439073	0.9999999994690388	0.05002608507446106	2.3059350365869304e-10
GCN2	Other	91	1982	221	4155	0.8632100670742566	-0.21221640472151648	0.899716399412559	0.9999999994690388	0.04589436342714434	2.3059350365869304e-10
TGFBR2	TKL	106	1982	255	4155	0.8714311153321066	-0.1985414678244401	0.9016031456789412	0.9999999994690388	0.04498458171281195	2.3059350365869304e-10
PLK1	Other	101	1982	244	4155	0.8677585978726573	-0.2046343403398727	0.9030014355597077	0.9999999994690388	0.04431155925995609	2.3059350365869304e-10
CDK3	CMGC	74	1982	183	4155	0.8477113695389655	-0.23835495818387387	0.9032423870739704	0.9999999994690388	0.04419569017034594	2.3059350365869304e-10
CDK4	CMGC	84	1982	206	4155	0.8548293868113996	-0.22629158993323947	0.9052811705300366	0.9999999994690388	0.043216512679263554	2.3059350365869304e-10
YSK4	STE	64	1982	161	4155	0.8333385563236834	-0.26302536364339824	0.909587363676342	0.9999999994690388	0.041155581657784164	2.3059350365869304e-10
ICK	CMGC	57	1982	145	4155	0.8240892167437976	-0.27912756137897404	0.9105836106920142	0.9999999994690388	0.04068017068725733	2.3059350365869304e-10
MPSK1	Other	94	1982	230	4155	0.8567762032202869	-0.2230096847955192	0.9139872652428404	0.9999999994690388	0.03905985533103983	2.3059350365869304e-10
TAO3	STE	40	1982	106	4155	0.7910820021704777	-0.3381008452046181	0.9163329805391975	0.9999999994690388	0.03794668208235175	2.3059350365869304e-10
DYRK1B	CMGC	120	1982	289	4155	0.8704639331841243	-0.20014357242094152	0.9167444285987296	0.9999999994690388	0.037751720730523755	2.3059350365869304e-10
NEK5	Other	81	1982	201	4155	0.8448047351536968	-0.243310173823085	0.9170670247379261	0.9999999994690388	0.03759892233423648	2.3059350365869304e-10
PKCE	AGC	11	1982	35	4155	0.6588582960934122	-0.6019598838364505	0.9192069844702997	0.9999999994690388	0.03658668437918593	2.3059350365869304e-10
MAP3K15	STE	86	1982	213	4155	0.8464206023223092	-0.2405533510525217	0.920762584278222	0.9999999994690388	0.03585233682793108	2.3059350365869304e-10
MST2	STE	89	1982	220	4155	0.848075864599578	-0.23773476808704327	0.921783633350168	0.9999999994690388	0.03537100722127407	2.3059350365869304e-10
ULK1	Other	104	1982	254	4155	0.8583551173156837	-0.22035345415985497	0.9219259508246578	0.9999999994690388	0.035303960117432344	2.3059350365869304e-10
TAO1	STE	38	1982	102	4155	0.7809995844957559	-0.35660631405669146	0.9225087642326141	0.9999999994690388	0.035029499163718496	2.3059350365869304e-10
TNIK	STE	55	1982	142	4155	0.8119732522277966	-0.3004958915088039	0.9225511294039889	0.9999999994690388	0.03500955513889887	2.3059350365869304e-10
CDK6	CMGC	83	1982	207	4155	0.8405723979584375	-0.25055601168118186	0.9255721850439215	0.9999999994690388	0.03358970511880423	2.3059350365869304e-10
CK1G2	CK1	136	1982	327	4155	0.8718836500985938	-0.19779246977652437	0.9273496007428793	0.9999999994690388	0.03275651067660915	2.3059350365869304e-10
PRPK	Other	123	1982	299	4155	0.862385212734004	-0.2135956543876465	0.9325047547267604	0.9999999994690388	0.030348945099617376	2.3059350365869304e-10
HIPK2	CMGC	107	1982	263	4155	0.8528946833286652	-0.22956048841993668	0.932969870652125	0.9999999994690388	0.030132381141824777	2.3059350365869304e-10
GRK1	AGC	123	1982	301	4155	0.8566550784301237	-0.2232136569492434	0.9408765555287492	0.9999999994690388	0.026467352948377397	2.3059350365869304e-10
P38G	CMGC	109	1982	270	4155	0.8463112456553427	-0.24073975780268564	0.9436350405892215	0.9999999994690388	0.025195940558814425	2.3059350365869304e-10
TAO2	STE	48	1982	129	4155	0.7800436486518199	-0.3583732402308793	0.9442653485072582	0.9999999994690388	0.02490594722817558	2.3059350365869304e-10
NEK7	Other	90	1982	228	4155	0.8275134101651707	-0.27314540336384846	0.9492476284091668	0.9999999994690388	0.02262047922382371	2.3059350365869304e-10
GSK3B	CMGC	112	1982	279	4155	0.8415524668250817	-0.24887487530036476	0.9517933278169546	0.9999999994690388	0.02145734398192977	2.3059350365869304e-10
CDK16	CMGC	99	1982	250	4155	0.8301614530776993	-0.26853615011125875	0.954253208539245	0.9999999994690388	0.020336371123640753	2.3059350365869304e-10
BRAF	TKL	139	1982	341	4155	0.8545309545439749	-0.22679534182944647	0.954445700047054	0.9999999994690388	0.0202487742799877	2.3059350365869304e-10
ALK4	TKL	159	1982	386	4155	0.8635295378614787	-0.21168256751250641	0.9544647422561677	0.9999999994690388	0.02024010972856784	2.3059350365869304e-10
PINK1	Other	120	1982	298	4155	0.8441747539939997	-0.2443864103824244	0.9544981998198933	0.9999999994690388	0.02022488634734326	2.3059350365869304e-10
MEKK1	STE	77	1982	200	4155	0.8071014127144298	-0.30917813460860477	0.9572038957711064	0.9999999994690388	0.01899554249858012	2.3059350365869304e-10
NEK8	Other	64	1982	170	4155	0.7892206327536059	-0.3414994216664833	0.9588997605402048	0.9999999994690388	0.018226789825773183	2.3059350365869304e-10
DSTYK	TKL	118	1982	295	4155	0.8385469223007063	-0.2540365804161438	0.9593046122570311	0.9999999994690388	0.018043467473149125	2.3059350365869304e-10
CDKL1	CMGC	43	1982	120	4155	0.7511982845610494	-0.41273432643520197	0.9593741686031103	0.9999999994690388	0.01801197920361895	2.3059350365869304e-10
MST1	STE	94	1982	242	4155	0.8142914328126695	-0.29638287112573836	0.9654214345350894	0.9999999994690388	0.015283063092454805	2.3059350365869304e-10
MEKK3	STE	82	1982	215	4155	0.7995447398681154	-0.3227493305001579	0.9679951030592697	0.9999999994690388	0.014126839716107077	2.3059350365869304e-10
DYRK2	CMGC	113	1982	289	4155	0.8196868704150504	-0.2868552056142723	0.9731134327347629	0.9999999994690388	0.011836532455763875	2.3059350365869304e-10
TLK2	Other	87	1982	229	4155	0.7964364873380071	-0.328368777776997	0.973879343626471	0.9999999994690388	0.011494845629705718	2.3059350365869304e-10
VRK2	CK1	128	1982	324	4155	0.8281944911611915	-0.27195848841340603	0.9742244360568844	0.9999999994690388	0.011340981403984539	2.3059350365869304e-10
NEK11	Other	64	1982	175	4155	0.7666714718177887	-0.38331959736111004	0.9747234467842005	0.9999999994690388	0.011118586939845446	2.3059350365869304e-10
LRRK2	TKL	80	1982	213	4155	0.7873680021602877	-0.3448900108672572	0.9748761713323493	0.9999999994690388	0.011050544837219352	2.3059350365869304e-10
CK1A	CK1	123	1982	314	4155	0.8211884669027619	-0.28421472908116824	0.9769862137425471	0.9999999994690388	0.010111564569641525	2.3059350365869304e-10
CDK5	CMGC	97	1982	254	4155	0.8005812151886664	-0.32088033011381967	0.9773547022717153	0.9999999994690388	0.009947793207698013	2.3059350365869304e-10
GRK5	AGC	135	1982	342	4155	0.8275134101651707	-0.27314540336384846	0.9777875179784293	0.9999999994690388	0.00975551105632238	2.3059350365869304e-10
CDK17	CMGC	93	1982	245	4155	0.7957639160608744	-0.32958761342332055	0.9780229090310646	0.9999999994690388	0.009650972258153883	2.3059350365869304e-10
STK33	CAMK	64	1982	177	4155	0.7580085173339718	-0.39971403561177893	0.9793840754556592	0.9999999994690388	0.009046961781921076	2.3059350365869304e-10
HRI	Other	114	1982	295	4155	0.8101216029006824	-0.30378961561324336	0.9800257659168257	0.9999999994690388	0.008762506094853255	2.3059350365869304e-10
YSK1	STE	55	1982	157	4155	0.734396189913039	-0.4453695208957487	0.9829925911014765	0.9999999994690388	0.007449755469869998	2.3059350365869304e-10
CDK13	CMGC	98	1982	260	4155	0.7901692152448963	-0.33976645444202785	0.983576566728889	0.9999999994690388	0.007191826681557533	2.3059350365869304e-10
CAMKK2	Other	123	1982	319	4155	0.808317174318079	-0.3070065939544108	0.984582038614278	0.9999999994690388	0.00674809117331512	2.3059350365869304e-10
MLK2	TKL	63	1982	178	4155	0.741972698103153	-0.43056199299526277	0.9856338250100395	0.9999999994690388	0.006284400793345577	2.3059350365869304e-10
CK1D	CK1	110	1982	290	4155	0.7951738056299802	-0.3306578620190561	0.9861166998683275	0.9999999994690388	0.00607168636730566	2.3059350365869304e-10
NEK6	Other	87	1982	236	4155	0.7728133711881511	-0.37180803904189413	0.9862869647966197	0.9999999994690388	0.005996706665810136	2.3059350365869304e-10
TGFBR1	TKL	161	1982	408	4155	0.8272429809461627	-0.2736169493856597	0.9863938392191665	0.9999999994690388	0.005949648903683007	2.3059350365869304e-10
PKR	Other	89	1982	241	4155	0.7741771378087433	-0.3692643907923454	0.9866185767505505	0.9999999994690388	0.005850711594025168	2.3059350365869304e-10
BMPR2	TKL	137	1982	354	4155	0.8113059912090167	-0.30168195265125214	0.9875416481303292	0.9999999994690388	0.005444579578190676	2.3059350365869304e-10
MINK	STE	78	1982	216	4155	0.7570215270770265	-0.40159376883000164	0.9881354463714609	0.9999999994690388	0.005183521424537787	2.3059350365869304e-10
CDK18	CMGC	95	1982	257	4155	0.7749217667175788	-0.36787742639171156	0.9887015370003066	0.9999999994690388	0.004934790704551296	2.3059350365869304e-10
CHAK2	Alpha	86	1982	236	4155	0.7639304588756435	-0.3884867801885247	0.9891184955583637	0.9999999994690388	0.004751677174858751	2.3059350365869304e-10
HASPIN	Other	70	1982	198	4155	0.7411399565789072	-0.4321820886634244	0.9896323401036414	0.9999999994690388	0.004526120877861161	2.3059350365869304e-10
OSR1	STE	79	1982	220	4155	0.7527864416108614	-0.409687450876338	0.9899247226498261	0.9999999994690388	0.0043978294234490395	2.3059350365869304e-10
COT	STE	81	1982	225	4155	0.7546922300706358	-0.40603967386119355	0.9901240093093571	0.9999999994690388	0.004310408244922963	2.3059350365869304e-10
ALK2	TKL	172	1982	439	4155	0.8213557553287101	-0.2839208603620416	0.9912583723840744	0.9999999994690388	0.0038131315130804666	2.3059350365869304e-10
FAM20C	FAM20	175	1982	447	4155	0.8207254552719442	-0.2850283948797702	0.9919845796525382	0.9999999994690388	0.003495078877941778	2.3059350365869304e-10
CK1G3	CK1	117	1982	313	4155	0.7836261174854844	-0.3517626128779951	0.9922699871367014	0.9999999994690388	0.0033701444079444432	2.3059350365869304e-10
GRK4	AGC	108	1982	292	4155	0.7753687295246259	-0.36704554224532976	0.9924190511610145	0.9999999994690388	0.003304907303207173	2.3059350365869304e-10
VRK1	CK1	174	1982	446	4155	0.8178652717506889	-0.2900648896003578	0.9927490260161007	0.9999999994690388	0.003160530349237245	2.3059350365869304e-10
MEKK2	STE	90	1982	250	4155	0.7546922300706357	-0.4060396738611937	0.9930151157196612	0.9999999994690388	0.0030441406046442894	2.3059350365869304e-10
DYRK3	CMGC	81	1982	230	4155	0.7382858772430133	-0.4377485335885316	0.9941505161030642	0.9999999994690388	0.0025478576909050833	2.3059350365869304e-10
ULK2	Other	85	1982	240	4155	0.7424634207870837	-0.42960814499959815	0.9943436329821294	0.9999999994690388	0.0024635028083497003	2.3059350365869304e-10
IRE1	Other	71	1982	206	4155	0.7225343626620164	-0.46886189320731764	0.9943942038616802	0.9999999994690388	0.0024414157805557135	2.3059350365869304e-10
DYRK4	CMGC	135	1982	359	4155	0.7883275383746194	-0.34313292230100184	0.9944935492186839	0.9999999994690388	0.0023980295810897157	2.3059350365869304e-10
ERK7	CMGC	74	1982	214	4155	0.7249120589982743	-0.46412210630097833	0.9947901887372399	0.9999999994690388	0.0022685066734017788	2.3059350365869304e-10
MYO3A	STE	69	1982	202	4155	0.7160858618657022	-0.48179551150240696	0.9949534557031171	0.9999999994690388	0.0021972352382952378	2.3059350365869304e-10
PLK2	Other	111	1982	304	4155	0.7654499044027829	-0.38562013262226086	0.9952402693743759	0.9999999994690388	0.0020720598907349426	2.3059350365869304e-10
CAMKK1	Other	150	1982	396	4155	0.794078524905972	-0.33264641511251	0.9953707191776323	0.9999999994690388	0.002015139045701406	2.3059350365869304e-10
SRPK1	CMGC	82	1982	235	4155	0.7314983790282757	-0.4510734274756974	0.9955738096317035	0.9999999994690388	0.0019265368143885995	2.3059350365869304e-10
CLK2	CMGC	96	1982	269	4155	0.7481459529820429	-0.4186083473642492	0.9956316721653117	0.9999999994690388	0.0019012964468908488	2.3059350365869304e-10
PERK	Other	109	1982	302	4155	0.756635881877293	-0.40232890007693384	0.9963734736666009	0.9999999994690388	0.0015778431523616838	2.3059350365869304e-10
CDK10	CMGC	69	1982	205	4155	0.7056065565701065	-0.5030641282560585	0.9964531158518031	0.9999999994690388	0.0015431304866833364	2.3059350365869304e-10
CHAK1	Alpha	61	1982	186	4155	0.6875183099508481	-0.5405299590739262	0.9968526553220218	0.9999999994690388	0.0013690299627680826	2.3059350365869304e-10
KIS	Other	119	1982	328	4155	0.76057228470872	-0.39484272683892147	0.9970678473696829	0.9999999994690388	0.001275288292440352	2.3059350365869304e-10
ASK1	STE	146	1982	393	4155	0.7788031212207579	-0.3606694289073704	0.9973709642133127	0.9999999994690388	0.0011432792553022866	2.3059350365869304e-10
CK1E	CK1	92	1982	266	4155	0.7250593689066258	-0.46382896497295806	0.9978678305599052	0.9999999994690388	0.0009269780109655925	2.3059350365869304e-10
CLK3	CMGC	92	1982	268	4155	0.7196484780938899	-0.4746357199295407	0.9982960442354322	0.9999999994690388	0.0007406497825493818	2.3059350365869304e-10
SRPK2	CMGC	75	1982	226	4155	0.6956971147406302	-0.5234687574480882	0.9982962400656668	0.9999999994690388	0.0007405645894020995	2.3059350365869304e-10
ACVR2A	TKL	140	1982	384	4155	0.764300580221998	-0.387787969304971	0.9983831471759349	0.9999999994690388	0.0007027585413278583	2.3059350365869304e-10
GAK	Other	158	1982	427	4155	0.7757049983812155	-0.3664199969721687	0.9984595408441267	0.9999999994690388	0.0006695287343297676	2.3059350365869304e-10
GRK3	AGC	123	1982	345	4155	0.7474005177028035	-0.4200465318550729	0.9986120093896527	0.9999999994690388	0.0006032153885644183	2.3059350365869304e-10
TTK	Other	124	1982	348	4155	0.7469814537736177	-0.42085567099063453	0.9986952260399299	0.9999999994690388	0.0005670261319516191	2.3059350365869304e-10
CDK12	CMGC	80	1982	242	4155	0.6930139853724846	-0.5290436279160134	0.9988931715219019	0.9999999994690388	0.000480955717321213	2.3059350365869304e-10
NEK1	Other	94	1982	277	4155	0.7114026236125126	-0.49126179990033225	0.9989327379007584	0.9999999994690388	0.0004637535577862207	2.3059350365869304e-10
CDK9	CMGC	77	1982	236	4155	0.6839842480630761	-0.5479649941957213	0.9990829311411842	0.9999999994690388	0.00039846068078870157	2.3059350365869304e-10
AlphaK3	Alpha	164	1982	447	4155	0.7691369980834218	-0.3786875020940155	0.9991132043022438	0.9999999994690388	0.00038530134516016353	2.3059350365869304e-10
MLK1	TKL	84	1982	254	4155	0.6932868255242061	-0.5284757495221869	0.9991358445238383	0.9999999994690388	0.0003754602061752627	2.3059350365869304e-10
CDC7	Other	136	1982	381	4155	0.7483095894546985	-0.41829283177176413	0.999156127983213	0.9999999994690388	0.0003666436822620189	2.3059350365869304e-10
MLK4	TKL	74	1982	232	4155	0.6686688820070289	-0.5806361150274034	0.9994213302501816	0.9999999994690388	0.00025138582089241065	2.3059350365869304e-10
TAK1	TKL	137	1982	388	4155	0.7402121672370925	-0.4339892447553825	0.9994768339658667	0.9999999994690388	0.00022726757626657134	2.3059350365869304e-10
BMPR1A	TKL	170	1982	467	4155	0.763131567404283	-0.38999628910074163	0.9994946056582508	0.9999999994690388	0.00021954545699694864	2.3059350365869304e-10
MYO3B	STE	58	1982	192	4155	0.6332776236125127	-0.6590899911223652	0.9995080885191996	0.9999999994690388	0.00021368700355165181	2.3059350365869304e-10
CDK2	CMGC	88	1982	269	4155	0.6858004569002061	-0.5441392294481079	0.9995345507478387	0.9999999994690388	0.00020218909985339573	2.3059350365869304e-10
IRE2	Other	76	1982	239	4155	0.6666272604064192	-0.5850477800659446	0.999550566869024	0.9999999994690388	0.00019523020351514802	2.3059350365869304e-10
GSK3A	CMGC	98	1982	304	4155	0.6758026183015562	-0.5653261548571584	0.9998670777977419	0.9999999994690388	0.00005773121592832261	2.3059350365869304e-10
ANKRD3	TKL	54	1982	194	4155	0.5835249201577081	-0.7771338255524404	0.9999297594044722	0.9999999994690388	0.000030506174441815748	2.3059350365869304e-10
STLK3	STE	145	1982	426	4155	0.7135522519577607	-0.4869090157396851	0.9999331089344499	0.9999999994690388	0.000029051392307178273	2.3059350365869304e-10
MTOR	PIKK	78	1982	258	4155	0.6337854645296036	-0.6579335220897872	0.9999336334133514	0.9999999994690388	0.000028823598836757022	2.3059350365869304e-10
CLK1	CMGC	67	1982	230	4155	0.6106809108059492	-0.7115093460153841	0.9999415366521758	0.9999999994690388	0.000025391051583822837	2.3059350365869304e-10
GRK2	AGC	112	1982	347	4155	0.6766372860063337	-0.5635454160494381	0.9999512612910888	0.9999999994690388	0.00002116746817694831	2.3059350365869304e-10
SRPK3	CMGC	67	1982	232	4155	0.6054164201955532	-0.7240002901985808	0.9999569803149286	0.9999999994690388	0.00001868361372418069	2.3059350365869304e-10
CLK4	CMGC	72	1982	250	4155	0.6037537840565086	-0.727967768748556	0.9999792059756302	0.9999999994690388	0.000009030823934290862	2.3059350365869304e-10
MEK2	STE	138	1982	422	4155	0.6855419151510513	-0.5446832174577976	0.9999864531559397	0.9999999994690388	0.000005883359473157492	2.3059350365869304e-10
GRK7	AGC	86	1982	292	4155	0.6174232475844242	-0.6956682897067006	0.999990315815074	0.9999999994690388	0.000004205808440027042	2.3059350365869304e-10
BMPR1B	TKL	153	1982	463	4155	0.6927520470410803	-0.529589026096366	0.9999916233311976	0.9999999994690388	0.0000036379562746029965	2.3059350365869304e-10
MLK3	TKL	54	1982	209	4155	0.5416451411990209	-0.8845801154461955	0.9999945722033486	0.9999999994690388	0.0000023572685319707613	2.3059350365869304e-10
ACVR2B	TKL	131	1982	413	4155	0.6649494359648459	-0.5886834554107763	0.9999955108470955	0.9999999994690388	0.0000019496187109239895	2.3059350365869304e-10
MOS	Other	114	1982	378	4155	0.6322377588775167	-0.6614608955851125	0.9999985999427293	0.9999999994690388	6.080375726455962e-7	2.3059350365869304e-10
CK2A2	Other	136	1982	484	4155	0.5890618875666118	-0.7635088815530368	0.9999999991397305	0.9999999994690388	3.7361030663853605e-10	2.3059350365869304e-10
CK2A1	Other	132	1982	477	4155	0.5801268015916837	-0.7855598221758392	0.9999999994690388	0.9999999994690388	2.3059350365869304e-10	2.3059350365869304e-10
