kinase	kinase_group	foreground_set_hits	foreground_set_size	background_set_hits	background_set_size	enrichment_value	enrichment_value_log2	p_value	adjusted_p_value	p_value_log10_abs	adjusted_p_value_log10_abs
P70S6KB	AGC	8	29	117	6188	14.590038314176246	3.8669117667380593	6.427376179098978e-8	0.000019474949822669904	7.191966281118712	4.710523652616407
RSK4	AGC	7	29	110	6188	13.578683385579938	3.7632716948544083	7.73643150337989e-7	0.00011720693727620534	6.111459315255127	3.9310466824168033
RSK2	AGC	6	29	127	6188	10.080912299755633	3.3335543002704537	0.00002713736567585677	0.002640838682319377	4.566432313196798	2.5782581271983394
MSK2	AGC	6	29	133	6188	9.626134301270417	3.26695655154143	0.00003486255686230201	0.002640838682319377	4.457640764372682	2.5782581271983394
PASK	CAMK	7	29	251	6188	5.950817419975271	2.573087854428296	0.0001390346867378533	0.00842550201631391	3.856876837303076	2.0744042131367895
P70S6K	AGC	5	29	154	6188	6.9278996865203775	2.792418040513925	0.0007421701937796189	0.037479594785870755	3.1294964912927723	1.4262051131741111
P90RSK	AGC	4	29	107	6188	7.976796648404769	2.9958094999203166	0.0016201729053420373	0.07013034147409104	2.790438634945712	1.154094046457664
AKT3	AGC	3	29	64	6188	10.002155172413794	3.32223898704262	0.003578049634599284	0.13551862991044789	2.446353639206581	0.8680009976962196
MSK1	AGC	4	29	145	6188	5.886325802615933	2.557367396306529	0.0047203344580931455	0.1395754933507178	2.3260272284510357	0.8551908283952064
SGK1	AGC	3	29	72	6188	8.890804597701148	3.152313985600307	0.004918994692007148	0.1395754933507178	2.3081236460792636	0.8551908283952064
PIM1	CAMK	4	29	148	6188	5.767008387698043	2.527823120692514	0.005067097118342891	0.1395754933507178	2.2952407717392864	0.8551908283952064
CAMK2A	CAMK	6	29	359	6188	3.5662280280472576	1.8343989532195684	0.00589417530207442	0.1488279263773791	2.229576951690807	0.8273155692361265
PRKX	AGC	4	29	180	6188	4.741762452107279	2.245423389991789	0.009884866350423753	0.23039342339833824	2.0050291982436685	0.6375299220482005
MAPKAPK2	CAMK	5	29	291	6188	3.6663111743097527	1.8743292383005423	0.010951485805343908	0.237021442787086	1.9605269554095082	0.6252123625854412
NDR1	AGC	3	29	105	6188	6.096551724137932	2.6079934693764972	0.013418257522521593	0.2463162883373419	1.8723038774223744	0.6085068683024714
RSK3	AGC	3	29	105	6188	6.096551724137932	2.6079934693764972	0.013418257522521593	0.2463162883373419	1.8723038774223744	0.6085068683024714
NDR2	AGC	4	29	199	6188	4.289031363715128	2.100651865777815	0.01381972574829971	0.2463162883373419	1.8595005754265026	0.6085068683024714
CAMK1B	CAMK	3	29	111	6188	5.767008387698043	2.527823120692514	0.015512354670700647	0.2538994811423957	1.8093222742125317	0.5953381866301166
SIK	CAMK	4	29	210	6188	4.064367816091954	2.023030968655341	0.016500164566559186	0.2538994811423957	1.782511724271418	0.5953381866301166
PIM3	CAMK	4	29	211	6188	4.045105409380618	2.0161772976142784	0.016759041659564072	0.2538994811423957	1.7757508194684404	0.5953381866301166
LATS2	AGC	4	29	225	6188	3.7934099616858235	1.9234952951044262	0.020656663764858783	0.28785885677087036	1.684939819578822	0.5408204037369257
AKT1	AGC	2	29	47	6188	9.079970652971387	3.1826876346438264	0.02157780608378348	0.28785885677087036	1.6659927141546398	0.5408204037369257
CAMK1D	CAMK	3	29	128	6188	5.001077586206897	2.3222389870426197	0.022404873142479482	0.28785885677087036	1.6496575107412133	0.5408204037369257
QIK	CAMK	4	29	232	6188	3.6789536266349585	1.8792954911938917	0.022800701526405575	0.28785885677087036	1.6420517905276246	0.5408204037369257
MLK2	TKL	4	29	255	6188	3.3471264367816094	1.7429230494626056	0.030792427516082528	0.3376426223593045	1.511556072211378	0.47154273536671726
PAK1	STE	3	29	146	6188	4.384506376948512	2.1324144281626025	0.03126548689408165	0.3376426223593045	1.5049348037091583	0.47154273536671726
AKT2	AGC	2	29	58	6188	7.357907253269917	2.8792954911938913	0.03147019599065349	0.3376426223593045	1.5021005523713598	0.47154273536671726
QSK	CAMK	4	29	258	6188	3.3082063619353117	1.7260492308982096	0.03194396769861541	0.3376426223593045	1.495611141967243	0.47154273536671726
PKCD	AGC	2	29	59	6188	7.233196960841612	2.8546334369596225	0.03244413457306673	0.3376426223593045	1.4888638058835397	0.47154273536671726
PKCG	AGC	2	29	60	6188	7.11264367816092	2.830385890712945	0.03342996260983213	0.3376426223593045	1.4758641091493598	0.47154273536671726
LATS1	AGC	4	29	265	6188	3.2208197787898505	1.687427936870902	0.03473032537617221	0.33946092222516705	1.4592911479183135	0.4692102132502813
PKACA	AGC	3	29	161	6188	3.9760119940029983	1.9913221089280029	0.03987384573932363	0.3775554768442206	1.3993118756287555	0.42301922544635634
BRSK1	CAMK	4	29	280	6188	3.0482758620689654	1.607993469376497	0.041173501056100285	0.3780476006060117	1.3853822025993467	0.42245351397492914
NUAK2	CAMK	3	29	183	6188	3.4980214810627475	1.8065391487585774	0.05446881574111425	0.48401090479438835	1.2638520670380542	0.3151448535649289
DAPK2	CAMK	3	29	185	6188	3.4602050326188256	1.7908575265263076	0.05590885038879074	0.48401090479438835	1.2525194377169582	0.3151448535649289
AURA	Other	4	29	316	6188	2.701003928415539	1.4334957381443607	0.05928705743109962	0.4989994000450884	1.2270401042704737	0.301899976535456
smMLCK	CAMK	3	29	195	6188	3.282758620689655	1.714908673293009	0.06338405771937938	0.5190640402424852	1.198019961600015	0.2847790571647048
MASTL	AGC	4	29	340	6188	2.510344827586207	1.3278855501837619	0.07342998344761952	0.5745859581748575	1.1341265696896157	0.2406449915736051
NUAK1	CAMK	3	29	209	6188	3.0628609140405874	1.6148798549617371	0.07459934516282007	0.5745859581748575	1.1272649847715939	0.2406449915736051
ROCK2	AGC	2	29	96	6188	4.445402298850574	2.152313985600307	0.07585293177225841	0.5745859581748575	1.1200276287479478	0.2406449915736051
CK1E	CK1	4	29	377	6188	2.26397146254459	1.1788557730527993	0.09836827451863647	0.6642670681413575	1.0071449465189433	0.1776572777089911
DAPK3	CAMK	3	29	236	6188	2.7124488603156047	1.4395959376807785	0.0985531664945789	0.6642670681413575	1.0063294173608948	0.1776572777089911
CAMK2D	CAMK	4	29	378	6188	2.2579821200510857	1.175034062100391	0.09909322927533272	0.6642670681413575	1.0039560184593896	0.1776572777089911
CRIK	AGC	2	29	113	6188	3.7766249618553553	1.9170975239062757	0.09971241887557995	0.6642670681413575	1.0012507482755748	0.1776572777089911
CAMK1A	CAMK	2	29	115	6188	3.7109445277361317	1.8917864353770886	0.10264714363924043	0.6642670681413575	0.9886531312322666	0.1776572777089911
WNK4	Other	3	29	241	6188	2.6561739876949493	1.4093496508126582	0.10330398685980177	0.6642670681413575	0.9858829172238465	0.1776572777089911
CDC7	Other	5	29	538	6188	1.9830790924240485	0.987742218652202	0.10342868131108522	0.6642670681413575	0.9853590124228995	0.1776572777089911
DAPK1	CAMK	3	29	243	6188	2.6343124733929333	1.3974264834368388	0.10523042663625465	0.6642670681413575	0.9778586688357089	0.1776572777089911
DCAMKL1	CAMK	2	29	121	6188	3.5269307495012825	1.818413249046869	0.11159533324022922	0.6900691014650908	0.9523539666026883	0.16110741812889698
MAPKAPK5	CAMK	3	29	254	6188	2.5202280749389083	1.3335543002704537	0.1160844100155926	0.703471524694491	0.9352261015260693	0.15275347735978317
PKN3	AGC	2	29	133	6188	3.2087114337568057	1.681994050820274	0.13008143052384671	0.7333057546702755	0.8857846957260468	0.13471490683346435
CDK6	CMGC	3	29	275	6188	2.327774294670846	1.2189511786305978	0.13794655386688073	0.7333057546702755	0.8602891444438873	0.13471490683346435
RAF1	TKL	3	29	275	6188	2.327774294670846	1.2189511786305978	0.13794655386688073	0.7333057546702755	0.8602891444438873	0.13471490683346435
DLK	TKL	3	29	276	6188	2.3193403298350823	1.2137145302644505	0.1390225610833359	0.7333057546702755	0.8569147151493897	0.13471490683346435
NIK	STE	1	29	31	6188	6.883203559510567	2.7830801759345882	0.1392855916515159	0.7333057546702755	0.8560938066907494	0.13471490683346435
CDK10	CMGC	3	29	278	6188	2.302654428181593	1.2032979143191125	0.14118362612944582	0.7333057546702755	0.8502156679723842	0.13471490683346435
PIM2	CAMK	2	29	140	6188	3.0482758620689654	1.607993469376497	0.1411853310553489	0.7333057546702755	0.8502104234871607	0.13471490683346435
MST3	STE	2	29	141	6188	3.0266568843237955	1.5977251339226701	0.14278890932523516	0.7333057546702755	0.8453055236936251	0.13471490683346435
PKACB	AGC	2	29	141	6188	3.0266568843237955	1.5977251339226701	0.14278890932523516	0.7333057546702755	0.8453055236936251	0.13471490683346435
NIM1	CAMK	3	29	283	6188	2.261971487754356	1.1775807442107373	0.14663813989898472	0.7393212930634678	0.8337530570251793	0.13116678558281755
MLK3	TKL	3	29	285	6188	2.246098003629764	1.1674208779905157	0.14884026031970804	0.7393212930634678	0.8272795790743556	0.13116678558281755
MNK2	CAMK	2	29	149	6188	2.864151816709095	1.5181079658593022	0.1557598854502482	0.7612136337326645	0.8075443808790328	0.11849344187498165
NEK3	Other	3	29	299	6188	2.1409295352323836	1.0982373128445146	0.1645642149303998	0.7831418521414698	0.7836645977257548	0.10615956613800422
COT	STE	3	29	300	6188	2.133793103448276	1.093420296546739	0.16570718962979392	0.7831418521414698	0.7806586481961827	0.10615956613800422
DRAK1	CAMK	3	29	302	6188	2.1196620232929893	1.0838342477175409	0.16800072735708096	0.7831418521414698	0.7746888379974537	0.10615956613800422
CDK9	CMGC	3	29	310	6188	2.06496106785317	1.0461145817683821	0.17727307788076926	0.7939006957418446	0.751357214853727	0.1002338174576651
TSSK1	CAMK	3	29	311	6188	2.0583213216542853	1.041468216912017	0.1784428345942654	0.7939006957418446	0.7485008865351612	0.1002338174576651
MELK	CAMK	2	29	163	6188	2.6181510471757985	1.388548332090386	0.17899005635284712	0.7939006957418446	0.747171095227039	0.1002338174576651
PRKD1	CAMK	3	29	313	6188	2.0451691087363666	1.0322201401100015	0.18078926734715273	0.7939006957418446	0.7428273552227148	0.1002338174576651
caMLCK	CAMK	2	29	173	6188	2.466812836356388	1.3026482586847388	0.19591733992517618	0.8480421999618339	0.7079271244924693	0.07158253600442119
CDK13	CMGC	3	29	330	6188	1.9398119122257054	0.9559167727968041	0.20108476763567357	0.8581504872339308	0.6966208263815069	0.06643654659827723
MST4	STE	2	29	184	6188	2.3193403298350828	1.213714530264451	0.21478214729478537	0.903874869865555	0.6680018200561949	0.043891687985158356
ERK2	CMGC	3	29	356	6188	1.7981402557148394	0.8465055560762221	0.23317276209482954	0.9407044335301917	0.6323221827415016	0.026546809144874735
PKCI	AGC	1	29	56	6188	3.8103448275862064	1.9299215642638594	0.23487524326956627	0.9407044335301917	0.629162757075237	0.026546809144874735
PKCT	AGC	1	29	56	6188	3.8103448275862064	1.9299215642638594	0.23487524326956627	0.9407044335301917	0.629162757075237	0.026546809144874735
SLK	STE	2	29	197	6188	2.1662874146683007	1.1152246668650876	0.23731566681136704	0.9407044335301917	0.6246735901217615	0.026546809144874735
AURC	Other	2	29	198	6188	2.155346569139673	1.1079198662418543	0.23905690225024676	0.9407044335301917	0.6214987124746979	0.026546809144874735
AMPKA2	CAMK	2	29	201	6188	2.1231772173614685	1.086224795142535	0.24428581470386093	0.9489564340419213	0.612101751097386	0.022753725285561393
MARK1	CAMK	3	29	374	6188	1.7115987460815048	0.775344527154983	0.25597387228146656	0.9817732063453718	0.5918043616532866	0.007988824441423079
BCKDK	PDHK	3	29	381	6188	1.6801520499592721	0.7485917995492977	0.26494268577074553	1.0000000000188458	0.5768480654806618	8.184632939547247e-12
AMPKA1	CAMK	2	29	224	6188	1.9051724137931032	0.9299215642638593	0.28452028465852813	1.0000000000188458	0.5458867654684716	8.184632939547247e-12
MRCKB	AGC	1	29	72	6188	2.9636015325670497	1.5673514848791514	0.2905826057400503	1.0000000000188458	0.5367303861054659	8.184632939547247e-12
SNRK	CAMK	2	29	230	6188	1.8554722638680659	0.8917864353770883	0.29502230832454335	1.0000000000188458	0.5301451432898253	8.184632939547247e-12
PRPK	Other	3	29	409	6188	1.5651294157322317	0.646281954100871	0.30123336109932924	1.0000000000188458	0.5210969324081622	8.184632939547247e-12
CDK3	CMGC	2	29	236	6188	1.808299240210403	0.8546334369596221	0.30551165261974694	1.0000000000188458	0.5149722205378123	8.184632939547247e-12
PKCZ	AGC	1	29	79	6188	2.701003928415539	1.4334957381443607	0.3137038406010254	1.0000000000188458	0.5034801643063279	8.184632939547247e-12
SSTK	CAMK	3	29	419	6188	1.5277754917290758	0.6114325533432681	0.3143069485153266	1.0000000000188458	0.5026460177463185	8.184632939547247e-12
GRK1	AGC	3	29	420	6188	1.524137931034483	0.6079934693764973	0.31561639702307553	1.0000000000188458	0.5008404422444356	8.184632939547247e-12
SGK3	AGC	1	29	80	6188	2.667241379310345	1.4153483914341014	0.31694688909582314	1.0000000000188458	0.49901350656797366	8.184632939547247e-12
ROCK1	AGC	1	29	83	6188	2.570835064395513	1.3622370549745388	0.3265875021075472	1.0000000000188458	0.4860004389183389	8.184632939547247e-12
MAPKAPK3	CAMK	2	29	254	6188	1.6801520499592724	0.7485917995492978	0.33683418232324425	1.0000000000188458	0.47258384222855093	8.184632939547247e-12
YSK1	STE	2	29	254	6188	1.6801520499592724	0.7485917995492978	0.33683418232324425	1.0000000000188458	0.47258384222855093	8.184632939547247e-12
TTBK1	CK1	3	29	438	6188	1.461502125649504	0.5474519274414463	0.33922571958621495	1.0000000000188458	0.4695112276095522	8.184632939547247e-12
PDK1	AGC	2	29	267	6188	1.598346893968746	0.6765805546339096	0.35924786926236435	1.0000000000188458	0.4446057990332406	8.184632939547247e-12
TSSK2	CAMK	3	29	461	6188	1.3885855336973596	0.4736160466132818	0.3694037477665169	1.0000000000188458	0.43249870276133995	8.184632939547247e-12
CK1A2	CK1	2	29	278	6188	1.5351029521210617	0.6183354135979561	0.37802889470270745	1.0000000000188458	0.42247500352165124	8.184632939547247e-12
ERK7	CMGC	2	29	281	6188	1.5187139526322249	0.6028501661005375	0.3831172607588823	1.0000000000188458	0.41666828110627896	8.184632939547247e-12
PKN2	AGC	1	29	106	6188	2.013012361743656	1.0093560317582642	0.3962575231227041	1.0000000000188458	0.4020224794248879	8.184632939547247e-12
GRK6	AGC	3	29	490	6188	1.3064039408866996	0.3856010480400493	0.4072296726148169	1.0000000000188458	0.3901605848378571	8.184632939547247e-12
CDK1	CMGC	2	29	311	6188	1.3722142144361902	0.45650571619086094	0.43305988002720697	1.0000000000188458	0.3634520487565897	8.184632939547247e-12
MTOR	PIKK	2	29	314	6188	1.3591038875466726	0.4426557374298366	0.4379495229829367	1.0000000000188458	0.3585759423572186	8.184632939547247e-12
NLK	CMGC	2	29	314	6188	1.3591038875466726	0.4426557374298366	0.4379495229829367	1.0000000000188458	0.3585759423572186	8.184632939547247e-12
CDK5	CMGC	2	29	321	6188	1.3294661080674615	0.4108469991991603	0.44927740803176086	1.0000000000188458	0.3474854194079213	8.184632939547247e-12
CLK3	CMGC	2	29	328	6188	1.301093355761144	0.37972448170338	0.46048772766090595	1.0000000000188458	0.33678193958259295	8.184632939547247e-12
NEK9	Other	2	29	334	6188	1.2777204212265123	0.3535721938474111	0.46999971546446595	1.0000000000188458	0.32790240498396284	8.184632939547247e-12
PKACG	AGC	1	29	136	6188	1.5689655172413792	0.649813645071124	0.4767399285779721	1.0000000000188458	0.3217184729211023	8.184632939547247e-12
PHKG1	CAMK	1	29	137	6188	1.5575132141958217	0.6392444033609367	0.4792357414164278	1.0000000000188458	0.3194507997149704	8.184632939547247e-12
CDK17	CMGC	2	29	340	6188	1.2551724137931035	0.32788555018376186	0.4794196494395696	1.0000000000188458	0.3192841699930289	8.184632939547247e-12
PHKG2	CAMK	1	29	140	6188	1.5241379310344827	0.607993469376497	0.48665440938919136	1.0000000000188458	0.31277933729483126	8.184632939547247e-12
KHS2	STE	1	29	144	6188	1.4818007662835249	0.5673514848791512	0.49638739437519536	1.0000000000188458	0.3041792558252123	8.184632939547247e-12
CDK16	CMGC	2	29	352	6188	1.2123824451410659	0.27784486768416633	0.4979743274071902	1.0000000000188458	0.30279304630210685	8.184632939547247e-12
CDK18	CMGC	2	29	353	6188	1.2089479339650289	0.2737521130502833	0.49950299293899564	1.0000000000188458	0.301461905209778	8.184632939547247e-12
CDK2	CMGC	2	29	356	6188	1.1987601704765596	0.26154305535506595	0.5040725008301209	1.0000000000188458	0.2975069944156315	8.184632939547247e-12
PRKD3	CAMK	1	29	148	6188	1.4417520969245108	0.5278231206925139	0.5059420894422959	1.0000000000188458	0.2958991900277078	8.184632939547247e-12
MPSK1	Other	2	29	362	6188	1.1788912173747381	0.23743059923825827	0.5131365903668952	1.0000000000188458	0.28976701588866466	8.184632939547247e-12
KHS1	STE	1	29	157	6188	1.3591038875466726	0.4426557374298366	0.5268045170997664	1.0000000000188458	0.27835050982435366	8.184632939547247e-12
JNK3	CMGC	2	29	372	6188	1.1472005932517613	0.19811767521343224	0.5280176280286717	1.0000000000188458	0.2773515781711448	8.184632939547247e-12
CDKL1	CMGC	1	29	159	6188	1.3420082411624377	0.42439353103710825	0.5313237301663482	1.0000000000188458	0.27464078704498934	8.184632939547247e-12
TAO3	STE	1	29	159	6188	1.3420082411624377	0.42439353103710825	0.5313237301663482	1.0000000000188458	0.27464078704498934	8.184632939547247e-12
PAK2	STE	1	29	161	6188	1.3253373313343328	0.4063596082068466	0.5358012574371005	1.0000000000188458	0.2709962715091588	8.184632939547247e-12
MARK4	CAMK	2	29	381	6188	1.1201013666395148	0.16362929882814137	0.5411645536705909	1.0000000000188458	0.26667065747244506	8.184632939547247e-12
IKKA	Other	2	29	385	6188	1.1084639498432602	0.14856185073919992	0.5469316709263808	1.0000000000188458	0.26206692740188675	8.184632939547247e-12
CAMK4	CAMK	1	29	167	6188	1.2777204212265123	0.3535721938474111	0.5489874175627939	1.0000000000188458	0.2604376091850051	8.184632939547247e-12
TAO1	STE	1	29	167	6188	1.2777204212265123	0.3535721938474111	0.5489874175627939	1.0000000000188458	0.2604376091850051	8.184632939547247e-12
ERK5	CMGC	2	29	390	6188	1.0942528735632184	0.12994617257185292	0.5540741554162102	1.0000000000188458	0.2564321068729356	8.184632939547247e-12
PAK5	STE	1	29	170	6188	1.2551724137931035	0.32788555018376186	0.555444138883666	1.0000000000188458	0.2553596116006311	8.184632939547247e-12
CK1G1	CK1	2	29	395	6188	1.0804015713662156	0.11156764325699826	0.5611423332848522	1.0000000000188458	0.25092696633753964	8.184632939547247e-12
DCAMKL2	CAMK	1	29	173	6188	1.233406418178194	0.3026482586847389	0.5618115686847357	1.0000000000188458	0.25040932215791073	8.184632939547247e-12
HPK1	STE	1	29	174	6188	1.2263178755449862	0.2943329904727353	0.5639144090780047	1.0000000000188458	0.24878680822576815	8.184632939547247e-12
IKKB	Other	2	29	400	6188	1.0668965517241378	0.09342029654673865	0.568135711217784	1.0000000000188458	0.24554791148425134	8.184632939547247e-12
PDHK1	PDHK	2	29	402	6188	1.0615886086807342	0.08622479514253491	0.5709120192994621	1.0000000000188458	0.2434308137799953	8.184632939547247e-12
DMPK1	AGC	1	29	178	6188	1.1987601704765596	0.26154305535506595	0.5722287548726632	1.0000000000188458	0.24243032239801757	8.184632939547247e-12
GCK	STE	1	29	181	6188	1.1788912173747381	0.23743059923825827	0.5783638567316323	1.0000000000188458	0.23779885491211625	8.184632939547247e-12
CHK1	CAMK	2	29	424	6188	1.006506180871828	0.009356031758264155	0.6006507089661771	1.0000000000188458	0.22137800597893695	8.184632939547247e-12
PRKD2	CAMK	1	29	193	6188	1.1055922815794175	0.14481944905338304	0.6020655753004673	1.0000000000188458	0.22035620402430214	8.184632939547247e-12
PINK1	Other	2	29	426	6188	1.0017807997409744	0.002566866095625118	0.6032809960486446	1.0000000000188458	0.2194803551762202	8.184632939547247e-12
CDKL5	CMGC	1	29	199	6188	1.072257840928782	0.10065186577781488	0.6134287715255821	1.0000000000188458	0.21223585824958965	8.184632939547247e-12
PDHK4	PDHK	2	29	434	6188	0.9833147942157953	-0.024274746123015858	0.613679482898019	1.0000000000188458	0.21205839620950923	8.184632939547247e-12
ICK	CMGC	1	29	200	6188	1.0668965517241378	0.09342029654673865	0.6152919202037378	1.0000000000188458	0.21091878787633178	8.184632939547247e-12
PKG2	AGC	1	29	200	6188	1.0668965517241378	0.09342029654673865	0.6152919202037378	1.0000000000188458	0.21091878787633178	8.184632939547247e-12
MARK2	CAMK	2	29	445	6188	0.9590081363812476	-0.06038503953229652	0.6276564845299494	1.0000000000188458	0.2022779799738288	8.184632939547247e-12
CAMK2B	CAMK	2	29	451	6188	0.9462497132808317	-0.0797071369339176	0.635123609348131	1.0000000000188458	0.19714174300169385	8.184632939547247e-12
AURB	Other	1	29	212	6188	1.006506180871828	0.009356031758264155	0.6369843350345716	1.0000000000188458	0.19587124787139623	8.184632939547247e-12
PAK4	STE	1	29	215	6188	0.9924619085805934	-0.010916363267996833	0.6422200567188147	1.0000000000188458	0.1923161354149713	8.184632939547247e-12
YANK3	AGC	1	29	215	6188	0.9924619085805934	-0.010916363267996833	0.6422200567188147	1.0000000000188458	0.1923161354149713	8.184632939547247e-12
HGK	STE	1	29	218	6188	0.9788041758937045	-0.030907838455462845	0.6473828319857192	1.0000000000188458	0.1888388218823635	8.184632939547247e-12
MEK5	STE	1	29	228	6188	0.9358741681790683	-0.09561352784327817	0.6640777420191224	1.0000000000188458	0.1777810758223946	8.184632939547247e-12
MOK	CMGC	1	29	236	6188	0.9041496201052015	-0.14536656304037793	0.6768816371731233	1.0000000000188458	0.16948726752861998	8.184632939547247e-12
MOS	Other	2	29	487	6188	0.8763010691779367	-0.19050147576087859	0.677613745623929	1.0000000000188458	0.16901779277759435	8.184632939547247e-12
PKG1	AGC	1	29	241	6188	0.8853913292316498	-0.17561284990849804	0.6846433959642376	1.0000000000188458	0.16453557666980684	8.184632939547247e-12
skMLCK	CAMK	1	29	241	6188	0.8853913292316498	-0.17561284990849804	0.6846433959642376	1.0000000000188458	0.16453557666980684	8.184632939547247e-12
BRSK2	CAMK	1	29	249	6188	0.8569450214651709	-0.22272544574661754	0.6966891418537235	1.0000000000188458	0.15696095804553517	8.184632939547247e-12
NEK2	Other	1	29	277	6188	0.7703224200174281	-0.3764656797277247	0.7354489243251385	1.0000000000188458	0.13344748290107517	8.184632939547247e-12
SBK	Other	1	29	281	6188	0.7593569763161124	-0.3971498338994625	0.740579674230874	1.0000000000188458	0.13042821166344318	8.184632939547247e-12
ATR	PIKK	1	29	284	6188	0.751335599805731	-0.41247063318321847	0.7443645493452709	1.0000000000188458	0.12821431849444598	8.184632939547247e-12
CLK1	CMGC	1	29	284	6188	0.751335599805731	-0.41247063318321847	0.7443645493452709	1.0000000000188458	0.12821431849444598	8.184632939547247e-12
CDK4	CMGC	1	29	285	6188	0.7486993345432547	-0.41754162273064055	0.7456142843489021	1.0000000000188458	0.12748578043615458	8.184632939547247e-12
NEK11	Other	1	29	288	6188	0.7409003831417624	-0.4326485151208489	0.7493281970306196	1.0000000000188458	0.12532792470284942	8.184632939547247e-12
SRPK1	CMGC	1	29	292	6188	0.730751062824752	-0.4525480725585537	0.7541987270378514	1.0000000000188458	0.12251420494671175	8.184632939547247e-12
CDK12	CMGC	1	29	298	6188	0.7160379541772738	-0.48189203414069803	0.7613336056270584	1.0000000000188458	0.11842499981882776	8.184632939547247e-12
MEKK1	STE	1	29	303	6188	0.7042221463525663	-0.5058974971514874	0.7671262032487116	1.0000000000188458	0.11513318251020696	8.184632939547247e-12
WNK3	Other	1	29	308	6188	0.6927899686520377	-0.5295100543734377	0.7727829445505381	1.0000000000188458	0.111942471438998	8.184632939547247e-12
CDK14	CMGC	1	29	318	6188	0.6710041205812188	-0.5756064689628918	0.783701091464512	1.0000000000188458	0.10584954838751413	8.184632939547247e-12
BUB1	Other	1	29	328	6188	0.650546677880572	-0.62027551829662	0.794111850437529	1.0000000000188458	0.10011832300527586	8.184632939547247e-12
DYRK3	CMGC	1	29	328	6188	0.650546677880572	-0.62027551829662	0.794111850437529	1.0000000000188458	0.10011832300527586	8.184632939547247e-12
HIPK3	CMGC	1	29	328	6188	0.650546677880572	-0.62027551829662	0.794111850437529	1.0000000000188458	0.10011832300527586	8.184632939547247e-12
LRRK2	TKL	1	29	328	6188	0.650546677880572	-0.62027551829662	0.794111850437529	1.0000000000188458	0.10011832300527586	8.184632939547247e-12
P38G	CMGC	1	29	331	6188	0.644650484425461	-0.6334109204857541	0.797139568537076	1.0000000000188458	0.09846563275840385	8.184632939547247e-12
ZAK	TKL	1	29	331	6188	0.644650484425461	-0.6334109204857541	0.797139568537076	1.0000000000188458	0.09846563275840385	8.184632939547247e-12
MLK4	TKL	1	29	332	6188	0.6427087660988783	-0.6377629450254613	0.7981392206168035	1.0000000000188458	0.09792134740611923	8.184632939547247e-12
TBK1	Other	1	29	332	6188	0.6427087660988783	-0.6377629450254613	0.7981392206168035	1.0000000000188458	0.09792134740611923	8.184632939547247e-12
GCN2	Other	1	29	336	6188	0.6350574712643678	-0.6550409364572967	0.8020904766739261	1.0000000000188458	0.09577664006500368	8.184632939547247e-12
ERK1	CMGC	1	29	338	6188	0.6312997347480106	-0.6636029499607208	0.804037996634159	1.0000000000188458	0.0947234271985304	8.184632939547247e-12
MINK	STE	1	29	338	6188	0.6312997347480106	-0.6636029499607208	0.804037996634159	1.0000000000188458	0.0947234271985304	8.184632939547247e-12
ULK2	Other	1	29	340	6188	0.6275862068965518	-0.6721144498162381	0.8059670066700686	1.0000000000188458	0.09368273625248937	8.184632939547247e-12
DYRK1A	CMGC	1	29	341	6188	0.6257457781373243	-0.6763514427027087	0.8069246235331028	1.0000000000188458	0.09316703171230364	8.184632939547247e-12
TTBK2	CK1	1	29	342	6188	0.6239161121193789	-0.6805760285644343	0.8078776764620053	1.0000000000188458	0.09265439226901773	8.184632939547247e-12
CHAK2	Alpha	1	29	344	6188	0.6202886928628709	-0.6889882683806344	0.8097701742426436	1.0000000000188458	0.09163822336951127	8.184632939547247e-12
STLK3	STE	2	29	633	6188	0.6741842348967696	-0.5687852031068779	0.8116926829712573	1.0000000000188458	0.09060836897625997	8.184632939547247e-12
HIPK2	CMGC	1	29	349	6188	0.6114020353719988	-0.7098067398881888	0.8144230065374364	1.0000000000188458	0.08914996650150966	8.184632939547247e-12
RIPK3	TKL	1	29	358	6188	0.5960315931419765	-0.7465392909427928	0.8225226620057189	1.0000000000188458	0.08485212760479784	8.184632939547247e-12
P38A	CMGC	1	29	360	6188	0.5927203065134099	-0.7545766100082113	0.8242756631303749	1.0000000000188458	0.08392752258043239	8.184632939547247e-12
JNK2	CMGC	1	29	362	6188	0.5894456086873691	-0.7625694007617417	0.8260119406582707	1.0000000000188458	0.08301367456277164	8.184632939547247e-12
CDK7	CMGC	1	29	368	6188	0.5798350824587707	-0.786285469735549	0.831121963862119	1.0000000000188458	0.08033524054118331	8.184632939547247e-12
RIPK2	TKL	1	29	370	6188	0.5767008387698043	-0.7941049741948487	0.832792872414487	1.0000000000188458	0.0794630004575396	8.184632939547247e-12
GRK7	AGC	1	29	372	6188	0.5736002966258806	-0.8018823247865678	0.8344478133396316	1.0000000000188458	0.07860081906541909	8.184632939547247e-12
MLK1	TKL	1	29	375	6188	0.5690114942528736	-0.8134702990617796	0.8369006070325705	1.0000000000188458	0.07732611713272299	8.184632939547247e-12
PLK1	Other	1	29	378	6188	0.5644955300127714	-0.8249659378996091	0.839318295702954	1.0000000000188458	0.0760733099069907	8.184632939547247e-12
DYRK2	CMGC	1	29	386	6188	0.5527961407897087	-0.8551805509466169	0.8455975068706262	1.0000000000188458	0.07283630615702312	8.184632939547247e-12
CK1D	CK1	1	29	407	6188	0.5242734897907312	-0.9316084979447834	0.8609738664006205	1.0000000000188458	0.06501003071853162	8.184632939547247e-12
DYRK1B	CMGC	1	29	408	6188	0.5229885057471264	-0.9351488556500321	0.8616679200871784	1.0000000000188458	0.06466007554515664	8.184632939547247e-12
DSTYK	TKL	1	29	416	6188	0.5129310344827587	-0.9631632318196285	0.8671011920854557	1.0000000000188458	0.061930216710786246	8.184632939547247e-12
PLK3	Other	1	29	421	6188	0.5068392169710869	-0.9803999367449325	0.8703917267867236	1.0000000000188458	0.06028524566513884	8.184632939547247e-12
MEKK2	STE	1	29	429	6188	0.4973876698014629	-1.0075573511780822	0.8754935806617298	1.0000000000188458	0.05774703392480569	8.184632939547247e-12
PLK2	Other	1	29	437	6188	0.48828217470212265	-1.0342129831791347	0.880401267631428	1.0000000000188458	0.05531934080640212	8.184632939547247e-12
GRK2	AGC	1	29	447	6188	0.4773586361181826	-1.066854534861854	0.8862736753210183	1.0000000000188458	0.052432150202174344	8.184632939547247e-12
GRK5	AGC	1	29	450	6188	0.47417624521072793	-1.0765047048955738	0.8879804243531749	1.0000000000188458	0.0515966081956158	8.184632939547247e-12
DYRK4	CMGC	1	29	467	6188	0.456915011445027	-1.1300022533881982	0.8971946667738672	1.0000000000188458	0.047113316673515176	8.184632939547247e-12
CAMKK2	Other	1	29	470	6188	0.4539985326485694	-1.139240460243536	0.8987428601022095	1.0000000000188458	0.04636454676820276	8.184632939547247e-12
CK1G2	CK1	1	29	484	6188	0.4408663436876603	-1.181586750953131	0.905675024724021	1.0000000000188458	0.04302760837968201	8.184632939547247e-12
VRK2	CK1	1	29	485	6188	0.43995734091717026	-1.1845644507530266	0.9061522446014978	1.0000000000188458	0.042798829436187416	8.184632939547247e-12
BRAF	TKL	1	29	505	6188	0.42253328781153976	-1.2428630913176937	0.9152213327432238	1.0000000000188458	0.038473865534562245	8.184632939547247e-12
IRAK1	TKL	1	29	513	6188	0.4159440747462526	-1.2655385292855905	0.9186067740203383	1.0000000000188458	0.03687035631760982	8.184632939547247e-12
BMPR2	TKL	1	29	516	6188	0.41352579524191396	-1.2739507691017906	0.9198423505346784	1.0000000000188458	0.03628659891494669	8.184632939547247e-12
MEK1	STE	1	29	527	6188	0.40489432703003336	-1.304382665315751	0.924219716547105	1.0000000000188458	0.0342247708354122	8.184632939547247e-12
CAMK2G	CAMK	1	29	561	6188	0.38035527690700105	-1.3945804742873293	0.9363390900893334	1.0000000000188458	0.028566845400947775	8.184632939547247e-12
FAM20C	FAM20	1	29	612	6188	0.3486590038314176	-1.520111356371188	0.9510798111469696	1.0000000000188458	0.02178303712531206	8.184632939547247e-12
ASK1	STE	1	29	630	6188	0.33869731800766284	-1.5619315320658154	0.9554479461624117	1.0000000000188458	0.019792968797596157	8.184632939547247e-12
ALK2	TKL	1	29	635	6188	0.33603040999185446	-1.5733362953380647	0.9565928774827548	1.0000000000188458	0.019272857084640722	8.184632939547247e-12
VRK1	CK1	1	29	716	6188	0.29801579657098826	-1.746539290942793	0.9716231979149159	1.0000000000188458	0.012502124778630498	8.184632939547247e-12
TAK1	TKL	0	29	608	6188	0.17547640653357532	-2.510651027122122	0.9999999999498911	1.0000000000188458	2.1762026154626595e-11	8.184632939547247e-12
CK2A1	Other	0	29	610	6188	0.17490107405313737	-2.515388946128785	0.9999999999506851	1.0000000000188458	2.1417182652569995e-11	8.184632939547247e-12
BMPR1B	TKL	0	29	631	6188	0.1690802776107984	-2.5642197086610854	0.9999999999630755	1.0000000000188458	1.603609073985064e-11	8.184632939547247e-12
CK2A2	Other	0	29	611	6188	0.17461482024944974	-2.517752083497266	0.9999999999636676	1.0000000000188458	1.5778952820884788e-11	8.184632939547247e-12
ALK4	TKL	0	29	535	6188	0.19941991621011923	-2.326118594967046	0.999999999968357	1.0000000000188458	1.3742389644201681e-11	8.184632939547247e-12
NEK8	Other	0	29	273	6188	0.3908045977011494	-1.355480654598389	0.9999999999714397	1.0000000000188458	1.2403565605972125e-11	8.184632939547247e-12
SRPK2	CMGC	0	29	277	6188	0.38516121000871406	-1.3764656797277248	0.9999999999723401	1.0000000000188458	1.2012530818273775e-11	8.184632939547247e-12
SRPK3	CMGC	0	29	274	6188	0.3893783035489554	-1.3607555966390632	0.9999999999729734	1.0000000000188458	1.1737504624805257e-11	8.184632939547247e-12
PKN1	AGC	0	29	105	6188	1.0160919540229885	0.02303096865534086	0.9999999999734577	1.0000000000188458	1.1527184804344352e-11	8.184632939547247e-12
MEKK3	STE	0	29	356	6188	0.2996900426191399	-1.7384569446449343	0.9999999999749727	1.0000000000188458	1.0869224173898078e-11	8.184632939547247e-12
HUNK	CAMK	0	29	398	6188	0.2680644602321955	-1.8993481342221854	0.9999999999752045	1.0000000000188458	1.0768548386387408e-11	8.184632939547247e-12
PKR	Other	0	29	398	6188	0.2680644602321955	-1.8993481342221854	0.9999999999752045	1.0000000000188458	1.0768548386387408e-11	8.184632939547247e-12
GSK3A	CMGC	0	29	357	6188	0.29885057471264365	-1.7425037777076364	0.999999999976334	1.0000000000188458	1.0277995004139864e-11	8.184632939547247e-12
IRE2	Other	0	29	357	6188	0.29885057471264365	-1.7425037777076364	0.999999999976334	1.0000000000188458	1.0277995004139864e-11	8.184632939547247e-12
EEF2K	Alpha	0	29	516	6188	0.20676289762095698	-2.273950769101791	0.9999999999783719	1.0000000000188458	9.392983471690541e-12	8.184632939547247e-12
CDK8	CMGC	0	29	397	6188	0.26873968557283073	-1.8957187108214941	0.9999999999787293	1.0000000000188458	9.237726749572133e-12	8.184632939547247e-12
CK1G3	CK1	0	29	464	6188	0.2299346016646849	-2.1207045088061087	0.9999999999787332	1.0000000000188458	9.236039176505628e-12	8.184632939547247e-12
GRK4	AGC	0	29	387	6188	0.27568386349460927	-1.8589132698229471	0.9999999999801483	1.0000000000188458	8.621473282058584e-12	8.184632939547247e-12
AlphaK3	Alpha	0	29	683	6188	0.1562074014237391	-2.6784652819686268	0.9999999999801967	1.0000000000188458	8.600450943287305e-12	8.184632939547247e-12
PRP4	CMGC	0	29	360	6188	0.29636015325670495	-1.7545766100082114	0.9999999999813326	1.0000000000188458	8.107149227762483e-12	8.184632939547247e-12
TAO2	STE	0	29	201	6188	0.5307943043403671	-0.9137752048574651	0.9999999999817973	1.0000000000188458	7.905315489009158e-12	8.184632939547247e-12
ANKRD3	TKL	0	29	293	6188	0.3641285159468048	-1.4574803681007842	0.9999999999825739	1.0000000000188458	7.568041957576138e-12	8.184632939547247e-12
CDK19	CMGC	0	29	383	6188	0.27856306833528405	-1.8439240956034937	0.999999999983081	1.0000000000188458	7.347837780584913e-12	8.184632939547247e-12
LKB1	CAMK	0	29	383	6188	0.27856306833528405	-1.8439240956034937	0.999999999983081	1.0000000000188458	7.347837780584913e-12	8.184632939547247e-12
MYO3B	STE	0	29	295	6188	0.3616598480420807	-1.46729465792774	0.999999999983511	1.0000000000188458	7.16109576668375e-12	8.184632939547247e-12
PBK	Other	0	29	428	6188	0.24927489526264904	-2.0041905000796834	0.9999999999841135	1.0000000000188458	6.8994255086302795e-12	8.184632939547247e-12
CHAK1	Alpha	0	29	272	6188	0.3922413793103448	-1.350186354928876	0.9999999999843566	1.0000000000188458	6.79383165104103e-12	8.184632939547247e-12
ACVR2B	TKL	0	29	572	6188	0.1865203761755486	-2.422594850456926	0.9999999999844802	1.0000000000188458	6.740166827526503e-12	8.184632939547247e-12
HIPK4	CMGC	0	29	335	6188	0.31847658260422024	-1.6507407990236713	0.9999999999847456	1.0000000000188458	6.624881478898284e-12	8.184632939547247e-12
LOK	STE	0	29	170	6188	0.6275862068965518	-0.6721144498162381	0.9999999999848619	1.0000000000188458	6.5743989360234524e-12	8.184632939547247e-12
JNK1	CMGC	0	29	403	6188	0.2647385984427141	-1.9173595422065042	0.9999999999850485	1.0000000000188458	6.493347212458429e-12	8.184632939547247e-12
MARK3	CAMK	0	29	369	6188	0.2891318568358097	-1.7902005197389328	0.9999999999856055	1.0000000000188458	6.251445667469988e-12	8.184632939547247e-12
P38B	CMGC	0	29	395	6188	0.2701003928415539	-1.8884323567430017	0.9999999999856587	1.0000000000188458	6.228350024645705e-12	8.184632939547247e-12
AAK1	Other	0	29	517	6188	0.20636296938571333	-2.2767439839934713	0.9999999999857988	1.0000000000188458	6.167500961505324e-12	8.184632939547247e-12
PAK3	STE	0	29	142	6188	0.751335599805731	-0.41247063318321847	0.9999999999858259	1.0000000000188458	6.1557361664132065e-12	8.184632939547247e-12
MAP3K15	STE	0	29	358	6188	0.29801579657098826	-1.746539290942793	0.9999999999860915	1.0000000000188458	6.040402601411814e-12	8.184632939547247e-12
STK33	CAMK	0	29	268	6188	0.39809572825527534	-1.3288127041363091	0.9999999999860995	1.0000000000188458	6.036931022532174e-12	8.184632939547247e-12
MYO3A	STE	0	29	337	6188	0.31658651386472936	-1.6593282948603951	0.9999999999862206	1.0000000000188458	5.984326959230964e-12	8.184632939547247e-12
OSR1	STE	0	29	337	6188	0.31658651386472936	-1.6593282948603951	0.9999999999862206	1.0000000000188458	5.984326959230964e-12	8.184632939547247e-12
P38D	CMGC	0	29	405	6188	0.2634312473392933	-1.9245016114505236	0.9999999999862521	1.0000000000188458	5.970633509205719e-12	8.184632939547247e-12
NEK5	Other	0	29	336	6188	0.3175287356321839	-1.6550409364572967	0.9999999999863897	1.0000000000188458	5.910893422651926e-12	8.184632939547247e-12
TLK2	Other	0	29	323	6188	0.33030852994555354	-1.5981138683724612	0.9999999999866961	1.0000000000188458	5.777816232265781e-12	8.184632939547247e-12
RIPK1	TKL	0	29	269	6188	0.39661581848480965	-1.3341858762351606	0.9999999999868346	1.0000000000188458	5.71764219835206e-12	8.184632939547247e-12
BIKE	Other	0	29	567	6188	0.1881651766709238	-2.4099284386207653	0.9999999999870598	1.0000000000188458	5.61985939324228e-12	8.184632939547247e-12
PERK	Other	0	29	454	6188	0.23499924046787177	-2.089272000969452	0.9999999999871865	1.0000000000188458	5.5648445112747065e-12	8.184632939547247e-12
GAK	Other	0	29	688	6188	0.15507217321571773	-2.6889882683806343	0.999999999987233	1.0000000000188458	5.544641850850157e-12	8.184632939547247e-12
ULK1	Other	0	29	373	6188	0.28603124711102895	-1.8057553339337742	0.9999999999873623	1.0000000000188458	5.488469775922714e-12	8.184632939547247e-12
MEKK6	STE	0	29	382	6188	0.2792922910272612	-1.8401523417142853	0.9999999999887889	1.0000000000188458	4.868937595028168e-12	8.184632939547247e-12
PLK4	Other	0	29	382	6188	0.2792922910272612	-1.8401523417142853	0.9999999999887889	1.0000000000188458	4.868937595028168e-12	8.184632939547247e-12
PKCE	AGC	0	29	49	6188	2.1773399014778327	1.1225666422062555	0.9999999999894242	1.0000000000188458	4.592995290470938e-12	8.184632939547247e-12
CLK2	CMGC	0	29	308	6188	0.34639498432601884	-1.529510054373438	0.9999999999900344	1.0000000000188458	4.327998102659373e-12	8.184632939547247e-12
HASPIN	Other	0	29	308	6188	0.34639498432601884	-1.529510054373438	0.9999999999900344	1.0000000000188458	4.327998102659373e-12	8.184632939547247e-12
TGFBR2	TKL	0	29	390	6188	0.2735632183908046	-1.870053827428147	0.9999999999905423	1.0000000000188458	4.1074081946831665e-12	8.184632939547247e-12
BMPR1A	TKL	0	29	663	6188	0.16091954022988506	-2.635588573791124	0.9999999999905823	1.0000000000188458	4.090050300285043e-12	8.184632939547247e-12
TGFBR1	TKL	0	29	574	6188	0.18587047939444912	-2.4276304403542244	0.9999999999908114	1.0000000000188458	3.990579922109147e-12	8.184632939547247e-12
YSK4	STE	0	29	250	6188	0.42675862068965514	-1.2285077983406236	0.9999999999913574	1.0000000000188458	3.753451798081579e-12	8.184632939547247e-12
DNAPK	PIKK	0	29	379	6188	0.28150304794832137	-1.828777551849628	0.9999999999914138	1.0000000000188458	3.728957880430915e-12	8.184632939547247e-12
NEK7	Other	0	29	339	6188	0.31471874682127965	-1.6678649768148803	0.9999999999922785	1.0000000000188458	3.353400548578675e-12	8.184632939547247e-12
HIPK1	CMGC	0	29	331	6188	0.3223252422127305	-1.633410920485754	0.9999999999928469	1.0000000000188458	3.1065327171391973e-12	8.184632939547247e-12
MEK2	STE	0	29	651	6188	0.1638857990359659	-2.609237246844172	0.999999999993059	1.0000000000188458	3.0144394440827093e-12	8.184632939547247e-12
IKKE	Other	0	29	338	6188	0.3156498673740053	-1.663602949960721	0.9999999999931131	1.0000000000188458	2.9909580702719747e-12	8.184632939547247e-12
SMG1	PIKK	0	29	458	6188	0.23294684535461527	-2.1019273017754805	0.9999999999932665	1.0000000000188458	2.9243230423326888e-12	8.184632939547247e-12
ACVR2A	TKL	0	29	556	6188	0.19188786901513272	-2.381664586402044	0.9999999999948498	1.0000000000188458	2.2367093423027816e-12	8.184632939547247e-12
HRI	Other	0	29	459	6188	0.23243933588761176	-2.105073857092344	0.9999999999948719	1.0000000000188458	2.227114284010527e-12	8.184632939547247e-12
TNIK	STE	0	29	220	6188	0.48495297805642634	-1.0440832272031961	0.9999999999952045	1.0000000000188458	2.082658029520128e-12	8.184632939547247e-12
CLK4	CMGC	0	29	305	6188	0.34980214810627475	-1.515388946128785	0.9999999999952683	1.0000000000188458	2.0549336148565888e-12	8.184632939547247e-12
IRE1	Other	0	29	305	6188	0.34980214810627475	-1.515388946128785	0.9999999999952683	1.0000000000188458	2.0549336148565888e-12	8.184632939547247e-12
NEK6	Other	0	29	317	6188	0.3365604264114	-1.5710625438179437	0.9999999999954234	1.0000000000188458	1.9875753413175282e-12	8.184632939547247e-12
MAK	CMGC	0	29	233	6188	0.4578955157614326	-1.1269096583328166	0.999999999995479	1.0000000000188458	1.9634671546535863e-12	8.184632939547247e-12
CHK2	CAMK	0	29	158	6188	0.6752509821038848	-0.5665042618556393	0.9999999999955259	1.0000000000188458	1.9430716287358924e-12	8.184632939547247e-12
ATM	PIKK	0	29	327	6188	0.3262680586312348	-1.6158703391766192	0.9999999999958201	1.0000000000188458	1.8152982394170292e-12	8.184632939547247e-12
MST2	STE	0	29	341	6188	0.3128728890686622	-1.6763514427027089	0.9999999999959128	1.0000000000188458	1.775037567688263e-12	8.184632939547247e-12
NEK1	Other	0	29	442	6188	0.2413793103448276	-2.050626073069968	0.9999999999966465	1.0000000000188458	1.4564237727378716e-12	8.184632939547247e-12
CAMK1G	CAMK	0	29	97	6188	1.0998933522929257	0.13736364413433594	0.9999999999967107	1.0000000000188458	1.4285064925810612e-12	8.184632939547247e-12
MRCKA	AGC	0	29	97	6188	1.0998933522929257	0.13736364413433594	0.9999999999967107	1.0000000000188458	1.4285064925810612e-12	8.184632939547247e-12
MST1	STE	0	29	374	6188	0.2852664576802508	-1.8096179735661733	0.9999999999967111	1.0000000000188458	1.4283618434610777e-12	8.184632939547247e-12
PAK6	STE	0	29	255	6188	0.41839080459770117	-1.2570769505373944	0.999999999997191	1.0000000000188458	1.2199224615649492e-12	8.184632939547247e-12
GRK3	AGC	0	29	446	6188	0.23921447348074842	-2.063623413598841	0.9999999999977194	1.0000000000188458	9.904607408980105e-13	8.184632939547247e-12
YANK2	AGC	0	29	446	6188	0.23921447348074842	-2.063623413598841	0.9999999999977194	1.0000000000188458	9.904607408980105e-13	8.184632939547247e-12
GSK3B	CMGC	0	29	385	6188	0.27711598746081506	-1.8514381492608	0.9999999999985132	1.0000000000188458	6.457136716045611e-13	8.184632939547247e-12
PKCA	AGC	0	29	66	6188	1.6165099268547545	0.6928823669630102	0.9999999999989434	1.0000000000188458	4.588752249596241e-13	8.184632939547247e-12
MNK1	CAMK	0	29	91	6188	1.1724137931034482	0.22948184612276717	0.9999999999990296	1.0000000000188458	4.2145931925731866e-13	8.184632939547247e-12
MYLK4	CAMK	0	29	149	6188	0.7160379541772738	-0.48189203414069803	1.0000000000003497	1.0000000000188458	1.5188157598211616e-13	8.184632939547247e-12
IRAK4	TKL	0	29	326	6188	0.3272688808969748	-1.6114516679096142	1.0000000000012348	1.0000000000188458	5.362625041499519e-13	8.184632939547247e-12
NEK4	Other	0	29	326	6188	0.3272688808969748	-1.6114516679096142	1.0000000000012348	1.0000000000188458	5.362625041499519e-13	8.184632939547247e-12
KIS	Other	0	29	449	6188	0.237616158513171	-2.0732951484196835	1.0000000000014613	1.0000000000188458	6.346239057382546e-13	8.184632939547247e-12
WNK1	Other	0	29	192	6188	0.5556752873563218	-0.8476860143996927	1.0000000000023692	1.0000000000188458	1.0289374068111384e-12	8.184632939547247e-12
PKCH	AGC	0	29	70	6188	1.5241379310344827	0.607993469376497	1.0000000000030744	1.0000000000188458	1.3352078101876288e-12	8.184632939547247e-12
TLK1	Other	0	29	415	6188	0.2570835064395513	-1.9596910399128236	1.0000000000034157	1.0000000000188458	1.483424941796388e-12	8.184632939547247e-12
CK1A	CK1	0	29	436	6188	0.24470104397342612	-2.030907838455463	1.0000000000051332	1.0000000000188458	2.2293322371721673e-12	8.184632939547247e-12
PKCB	AGC	0	29	82	6188	1.301093355761144	0.37972448170338	1.0000000000054723	1.0000000000188458	2.3765850413140733e-12	8.184632939547247e-12
CAMKK1	Other	0	29	562	6188	0.1898392440790281	-2.3971498338994626	1.0000000000079086	1.0000000000188458	3.434645137609261e-12	8.184632939547247e-12
TTK	Other	0	29	559	6188	0.1908580593424218	-2.3894279865217265	1.0000000000188458	1.0000000000188458	8.184632939547247e-12	8.184632939547247e-12
